cell_type	P	BF	FDR
Hipp-ExN-5	0.000101161768507202	0.009205720934155382	9.205720934155381e-4
Cer-ExN-1	0.000123009978616618	0.01119390805411224	9.772985289706806e-4
Thal-ExN-1	0.000128874531292837	0.011727582347648166	9.772985289706806e-4
FC-InN-1	0.000250045944700687	0.022754180967762515	0.001750321612904809
Hipp-ExN-6	0.0004244144084739	0.0386217111711249	0.002692800056753227
Thal-ExN-3	0.000457908506416449	0.04166967408389686	0.002692800056753227
Thal-RG-6	0.00047345935063793	0.04308480090805163	0.002692800056753227
GE-InN-7	0.000648809865894353	0.05904169779638613	0.0034401202789865024
GE-RG-1	0.00068046335188744	0.06192216502175704	0.0034401202789865024
Cer-Endo	0.00093833550740433	0.08538853117379404	0.004435872863511794
FC-ExN-5	0.000974917112859735	0.08871745727023587	0.004435872863511794
Cer-MG	0.00111292904017408	0.10127654265584127	0.0046203258384246194
Hipp-Endo	0.00111700185104771	0.1016471684453416	0.0046203258384246194
Cer-IP	0.00133552597779081	0.12153286397896372	0.00528403756430277
GE-InN-4	0.00172386268157136	0.15687150402299377	0.006536312667624739
Cer-ExN-3	0.00224434923869264	0.20423578072103024	0.00816943122884121
FC-ExN-1	0.00233486694020567	0.21247289155871596	0.008172034290719846
GE-RG-3	0.00311677597283337	0.28362661352783664	0.010504689389919875
Cer-InN-7	0.00369568566070332	0.3363073951240021	0.01201097839728579
Thal-IP	0.00389236765858966	0.35420545693165906	0.012213981273505484
GE-InN-2	0.00424391106212723	0.38619590665357795	0.012873196888452598
GE-InN-3	0.00445098291447404	0.40503944521713764	0.013065788555391537
Hipp-CR-1	0.00503231204567156	0.457940396156112	0.013891860504768254
FC-InN-2	0.0050377076555753	0.45843139665735233	0.013891860504768254
GE-InN-6	0.00519283077003177	0.4725476000728911	0.013898458825673267
FC-OPC	0.00556528769971728	0.5064411806742725	0.01446974801926493
Thal-Endo	0.00619515287610754	0.5637589117257861	0.015659969770160726
FC-N-undef	0.00840826643474893	0.7651522455621527	0.020679790420598722
GE-InN-5	0.00921881728508605	0.8389123729428305	0.02207664139323238
Hipp-InN-3	0.0102695241273401	0.9345266955879492	0.02396222296379357
GE-InN-1	0.0114174705448307	1	0.02597474548948984
Thal-RG-4	0.0136524937052786	1	0.030301876272691528
Thal-MG	0.0208015265108171	1	0.04506997410677038
Thal-InN-4	0.0232377504206965	1	0.04917756484379957
Cer-InN-5	0.0246921363993846	1	0.0510678275532727
Hipp-MG	0.0291618788943142	1	0.05819929715427021
Hipp-InN-1	0.0294194249351256	1	0.05819929715427021
FC-InN-3	0.0370082969891025	1	0.07165436225549633
Cer-InN-6	0.041194281767616	1	0.078097492517772
Cer-InN-4	0.0452217231653448	1	0.08352370219847728
GE-RG-2	0.0458921440650974	1	0.08352370219847728
FC-CycPro	0.0499861095188645	1	0.08919090129836607
Thal-InN-5	0.0525233374574508	1	0.0919158405505389
FC-InN-4	0.0553864621691063	1	0.09509751051676743
Thal-InN-3	0.0604581503290644	1	0.10188317925823816
FC-IP	0.0719180143658345	1	0.11899162376892618
Cer-ExN-5	0.0746484034164609	1	0.12130365555174896
Cer-InN-3	0.0768828302466298	1	0.12274276407795284
Cer-InN-2	0.0889973130199548	1	0.13963371525544632
Thal-InN-8	0.116837778524337	1	0.177688405983132
Hipp-ExN-1	0.117157190758109	1	0.177688405983132
FC-Endo	0.120833973206693	1	0.18026051740670596
FC-MG	0.149511027844364	1	0.21944360538446972
Thal-OPC	0.15725066718632	1	0.22657826351706994
Cer-InN-1	0.159351745770247	1	0.22657826351706994
Thal-InN-1	0.170052416388258	1	0.23807338294356117
Hipp-ExN-2	0.184982782587361	1	0.25505201841590686
Thal-InN-2	0.191267471353372	1	0.2597811924351769
Thal-RG-5	0.231450275549829	1	0.30973492757403587
Hipp-InN-4	0.252818101104075	1	0.3334267710213163
FC-RG-1	0.264078901735842	1	0.3433025722565946
Cer-OPC	0.284943460749797	1	0.36070575387721493
Hipp-OPC	0.285393563507247	1	0.36070575387721493
GE-CycPro	0.492680286955936	1	0.6141630974382216
Cer-RG-2	0.553399629760216	1	0.6634531965724629
Thal-RG-7	0.553658528951106	1	0.6634531965724629
Thal-RG-2	0.554092779555024	1	0.6634531965724629
Hipp-RG-2	0.569431194451624	1	0.6729641388973739
Hipp-CR-2	0.58979113386937	1	0.6880896561809317
Hipp-ExN-4	0.664087636745506	1	0.7649617081498866
Hipp-RG-3	0.677592392261039	1	0.7707613461969318
FC-RG-2	0.696310091146922	1	0.7822742999304927
Cer-CycPro	0.76349717995039	1	0.8472956509205548
Cer-ExN-4	0.782829969115467	1	0.8582834601145483
Cer-RG-3	0.810397144974084	1	0.8779302403885909
Cer-RG-1	0.910127883058648	1	0.974372204215729
Thal-CycPro	0.926225323036887	1	0.9800756325157759
Thal-RG-3	0.945598505785101	1	0.9829185712923221
Hipp-CycPro	0.950514662348619	1	0.9829185712923221
Thal-ExN-2	0.966459317279525	1	0.983842626770313
Thal-RG-1	0.979376059023591	1	0.983842626770313
Hipp-RG-1	0.983842626770313	1	0.983842626770313
FC-ExN-2	1.06269848332354e-05	9.670556198244214e-4	2.4176390495610534e-4
FC-ExN-4	1.59605592733629e-05	0.001452410893876024	2.9048217877520477e-4
Thal-InN-6	1.68974693454809e-09	1.5376697104387618e-7	1.5376697104387618e-7
FC-ExN-3	2.27370727152038e-06	2.0690736170835458e-4	6.896912056945153e-5
Cer-ExN-2	2.83782807845401e-05	0.0025824235513931494	4.304039252321915e-4
Cer-InN-8	6.75886800660164e-05	0.006150569886007493	8.497100705575722e-4
Hipp-ExN-3	7.46997864226437e-05	0.006797680564460578	8.497100705575722e-4
Hipp-InN-2	9.3101230604251e-05	0.00847221198498684	9.205720934155381e-4
Thal-InN-7	9.37754893103636e-07	8.533569527243088e-5	4.266784763621544e-5
