Category	TYPE	NGENES	BETA	BETA_STD	SE	P	magma_FDR	magma_FDR_log10
Cer-CycPro	SET	1149	0.080134	0.019762	0.052321	0.062823	0.41765100000000005	0.3791864744066639
Cer-Endo	SET	980	0.20537	0.047013	0.058095	0.00020441	0.0046503275	2.332516460780074
Cer-ExN-1	SET	992	-0.19824	-0.04564	0.058486	0.99965	0.99996	1.7372126720998196e-5
Cer-ExN-2	SET	875	-0.025234	-0.0054754	0.061636	0.65888	0.99996	1.7372126720998196e-5
Cer-ExN-3	SET	961	-0.10555	-0.023941	0.059976	0.96078	0.99996	1.7372126720998196e-5
Cer-ExN-4	SET	871	0.033586	0.0072719	0.061109	0.2913	0.9196763333333333	0.03636498937139952
Cer-ExN-5	SET	845	0.053033	0.011318	0.061235	0.19324	0.7327016666666666	0.13507282057603032
Cer-InN-1	SET	1013	-0.039916	-0.0092809	0.058268	0.75334	0.99996	1.7372126720998196e-5
Cer-InN-2	SET	902	-0.086363	-0.019011	0.060576	0.92301	0.99996	1.7372126720998196e-5
Cer-InN-3	SET	995	-0.11046	-0.025467	0.058736	0.96998	0.99996	1.7372126720998196e-5
Cer-InN-4	SET	965	-0.10149	-0.023065	0.058292	0.95916	0.99996	1.7372126720998196e-5
Cer-InN-5	SET	868	-0.088345	-0.019097	0.061238	0.92543	0.99996	1.7372126720998196e-5
Cer-InN-6	SET	887	-0.17738	-0.038739	0.061271	0.9981	0.99996	1.7372126720998196e-5
Cer-InN-7	SET	1002	-0.18069	-0.041797	0.057717	0.99913	0.99996	1.7372126720998196e-5
Cer-InN-8	SET	765	-0.04458	-0.0090743	0.063253	0.75952	0.99996	1.7372126720998196e-5
Cer-IP	SET	883	-0.15218	-0.033164	0.062115	0.99285	0.99996	1.7372126720998196e-5
Cer-MG	SET	927	-0.07074	-0.015774	0.059286	0.88359	0.99996	1.7372126720998196e-5
Cer-OPC	SET	853	-0.016514	-0.0035402	0.063144	0.60316	0.99996	1.7372126720998196e-5
Cer-RG-1	SET	1088	0.028864	0.0069393	0.054807	0.29923	0.9196763333333333	0.03636498937139952
Cer-RG-2	SET	1076	0.11489	0.027478	0.055692	0.019568	0.2967813333333333	0.5275634183703398
Cer-RG-3	SET	1064	-0.011417	-0.0027163	0.055038	0.58216	0.99996	1.7372126720998196e-5
FC-CycPro	SET	1157	0.079291	0.019617	0.052154	0.064224	0.41765100000000005	0.3791864744066639
FC-Endo	SET	1024	0.20183	0.047166	0.057034	0.0002016	0.0046503275	2.332516460780074
FC-ExN-1	SET	900	0.028711	0.0063136	0.060381	0.31722	0.9311941935483872	0.03095974072442398
FC-ExN-2	SET	1190	-0.044346	-0.011116	0.052246	0.80199	0.99996	1.7372126720998196e-5
FC-ExN-3	SET	1085	-0.044208	-0.010615	0.054352	0.79199	0.99996	1.7372126720998196e-5
FC-ExN-4	SET	1167	-0.10648	-0.026451	0.053072	0.97758	0.99996	1.7372126720998196e-5
FC-ExN-5	SET	1165	-0.13396	-0.03325	0.054784	0.99276	0.99996	1.7372126720998196e-5
FC-InN-1	SET	790	0.0061737	0.0012761	0.064426	0.46183	0.99996	1.7372126720998196e-5
FC-InN-2	SET	827	0.021617	0.0045667	0.062554	0.36483	0.9764567647058823	0.010346981526511702
FC-InN-3	SET	754	-0.056581	-0.011438	0.064736	0.80894	0.99996	1.7372126720998196e-5
FC-InN-4	SET	736	-0.11778	-0.023536	0.065449	0.96403	0.99996	1.7372126720998196e-5
FC-IP	SET	783	0.059988	0.012347	0.064124	0.17477	0.6914813043478261	0.1602195574611587
FC-MG	SET	826	-0.046481	-0.0098135	0.062714	0.77069	0.99996	1.7372126720998196e-5
FC-N-undef	SET	931	-0.17357	-0.038783	0.061064	0.99776	0.99996	1.7372126720998196e-5
FC-OPC	SET	636	0.039267	0.0073156	0.071052	0.29025	0.9196763333333333	0.03636498937139952
FC-RG-1	SET	1106	0.090513	0.021928	0.054143	0.047297	0.41765100000000005	0.3791864744066639
FC-RG-2	SET	872	0.030164	0.0065346	0.058544	0.30319	0.9196763333333333	0.03636498937139952
GE-CycPro	SET	1166	0.096163	0.023877	0.052473	0.03344	0.41765100000000005	0.3791864744066639
GE-InN-1	SET	1106	0.075954	0.018401	0.054346	0.081124	0.46139275	0.33592923395825297
GE-InN-2	SET	1021	0.058805	0.013723	0.056692	0.14981	0.6406813636363636	0.1933579087342275
GE-InN-3	SET	1014	-0.045039	-0.010477	0.056009	0.78934	0.99996	1.7372126720998196e-5
GE-InN-4	SET	974	-0.088485	-0.020197	0.057139	0.93925	0.99996	1.7372126720998196e-5
GE-InN-5	SET	960	-0.095191	-0.02158	0.059351	0.94562	0.99996	1.7372126720998196e-5
GE-InN-6	SET	958	-0.18181	-0.041175	0.058901	0.99899	0.99996	1.7372126720998196e-5
GE-InN-7	SET	842	-0.086115	-0.018348	0.061647	0.91877	0.99996	1.7372126720998196e-5
GE-RG-1	SET	1075	0.057218	0.013679	0.055014	0.14917	0.6406813636363636	0.1933579087342275
GE-RG-2	SET	1188	-0.042342	-0.010605	0.05488	0.7798	0.99996	1.7372126720998196e-5
GE-RG-3	SET	1054	0.087508	0.020728	0.056085	0.059358	0.41765100000000005	0.3791864744066639
Hipp-CR-1	SET	1066	-0.22547	-0.053692	0.057496	0.99996	0.99996	1.7372126720998196e-5
Hipp-CR-2	SET	886	0.048473	0.01058	0.059787	0.20876	0.7598864000000001	0.11925132816752117
Hipp-CycPro	SET	1071	0.06618	0.015794	0.054168	0.11091	0.5607116666666666	0.2512604074894433
Hipp-Endo	SET	804	0.28755	0.059936	0.062524	2.1391e-06	1.9465809999999999e-4	3.710727519959627
Hipp-ExN-1	SET	1026	-0.02087	-0.0048816	0.056867	0.64319	0.99996	1.7372126720998196e-5
Hipp-ExN-2	SET	989	-0.024794	-0.0057001	0.057599	0.66656	0.99996	1.7372126720998196e-5
Hipp-ExN-3	SET	1094	0.022528	0.00543	0.054348	0.33926	0.9355351515151517	0.028939889807739073
Hipp-ExN-4	SET	916	-0.062205	-0.013793	0.059006	0.8541	0.99996	1.7372126720998196e-5
Hipp-ExN-5	SET	1000	-0.041031	-0.0094824	0.057663	0.76163	0.99996	1.7372126720998196e-5
Hipp-ExN-6	SET	891	-0.089416	-0.019569	0.06061	0.92992	0.99996	1.7372126720998196e-5
Hipp-InN-1	SET	939	-0.11143	-0.025	0.057263	0.97416	0.99996	1.7372126720998196e-5
Hipp-InN-2	SET	996	0.082873	0.019116	0.056536	0.071354	0.43288093333333333	0.3636315426933839
Hipp-InN-3	SET	909	-0.16469	-0.036387	0.060158	0.9969	0.99996	1.7372126720998196e-5
Hipp-InN-4	SET	754	-0.12633	-0.025538	0.063878	0.97601	0.99996	1.7372126720998196e-5
Hipp-MG	SET	799	-0.072646	-0.015097	0.063747	0.87276	0.99996	1.7372126720998196e-5
Hipp-OPC	SET	831	-0.029531	-0.0062528	0.061837	0.68352	0.99996	1.7372126720998196e-5
Hipp-RG-1	SET	1074	0.011987	0.0028646	0.054028	0.41221	0.99996	1.7372126720998196e-5
Hipp-RG-2	SET	1094	0.029808	0.0071847	0.055213	0.29465	0.9196763333333333	0.03636498937139952
Hipp-RG-3	SET	976	0.088272	0.020168	0.05807	0.064254	0.41765100000000005	0.3791864744066639
Thal-CycPro	SET	1110	0.059732	0.014495	0.053319	0.13131	0.6289057894736843	0.20141440729895885
Thal-Endo	SET	989	0.23819	0.054761	0.058072	2.0615e-05	9.379825e-4	3.02780526420551
Thal-ExN-1	SET	1234	-0.083083	-0.021179	0.051809	0.94559	0.99996	1.7372126720998196e-5
Thal-ExN-2	SET	734	-0.17816	-0.035555	0.064553	0.99711	0.99996	1.7372126720998196e-5
Thal-ExN-3	SET	1114	0.02347	0.005705	0.052596	0.32772	0.93195375	0.03060563981145422
Thal-InN-1	SET	925	-0.052923	-0.011789	0.060473	0.80925	0.99996	1.7372126720998196e-5
Thal-InN-2	SET	916	-0.00074582	-0.00016538	0.05982	0.50497	0.99996	1.7372126720998196e-5
Thal-InN-3	SET	934	-0.084613	-0.018935	0.059381	0.9229	0.99996	1.7372126720998196e-5
Thal-InN-4	SET	828	-0.062399	-0.013189	0.062078	0.84258	0.99996	1.7372126720998196e-5
Thal-InN-5	SET	924	-0.099035	-0.02205	0.060564	0.94899	0.99996	1.7372126720998196e-5
Thal-InN-6	SET	995	-0.13303	-0.03067	0.057264	0.98991	0.99996	1.7372126720998196e-5
Thal-InN-7	SET	1053	-0.073791	-0.017471	0.055626	0.90766	0.99996	1.7372126720998196e-5
Thal-InN-8	SET	759	-0.045404	-0.0092073	0.065068	0.75734	0.99996	1.7372126720998196e-5
Thal-IP	SET	895	-0.023534	-0.0051614	0.061243	0.64961	0.99996	1.7372126720998196e-5
Thal-MG	SET	911	-0.063478	-0.014039	0.058954	0.85919	0.99996	1.7372126720998196e-5
Thal-OPC	SET	964	0.059545	0.013525	0.058622	0.15489	0.6406813636363636	0.1933579087342275
Thal-RG-1	SET	1043	0.07585	0.017879	0.055756	0.086862	0.46496717647058816	0.3325777042731519
Thal-RG-2	SET	1072	0.12309	0.029388	0.056217	0.014289	0.2600598	0.5849267757836722
Thal-RG-3	SET	1061	0.013909	0.0033048	0.054349	0.39901	0.99996	1.7372126720998196e-5
Thal-RG-4	SET	1105	0.092525	0.022406	0.055241	0.046985	0.41765100000000005	0.3791864744066639
Thal-RG-5	SET	639	0.018542	0.0034623	0.068424	0.3932	0.99996	1.7372126720998196e-5
Thal-RG-6	SET	1024	-0.136	-0.031782	0.058963	0.98945	0.99996	1.7372126720998196e-5
Thal-RG-7	SET	986	0.087775	0.020151	0.056661	0.060687	0.41765100000000005	0.3791864744066639
