Category	Prop._SNPs	Prop._h2	Prop._h2_std_error	Enrichment	Enrichment_std_error	Enrichment_p	Coefficient	Coefficient_std_error	Coefficient_z-score	ZscoreP	ldsr_FDR	ldsr_FDR_log10
Cer-CycPro	0.10304506221021784	0.16717034405574863	0.0145718598852204	1.622303295957176	0.14141250024666852	1.8574328957597245e-5	2.0062638967471824e-8	1.3481716130002172e-8	1.4881368791636609	0.06835739969559164	0.4443770235139906	0.35224840431949894
Cer-Endo	0.08554896791043487	0.17297364886036493	0.01514328028849403	2.0219256068811835	0.17701300972266815	5.360854724099497e-8	2.9005914136941002e-8	1.7403736135223026e-8	1.6666486960944318	0.047792139960694355	0.4443770235139906	0.35224840431949894
Cer-ExN-1	0.12081945809531336	0.11876643922102524	0.00718590496197546	0.9830075477356596	0.0594763879532266	0.7752918850718447	-1.6428924701292432e-8	6.724005153150852e-9	-2.4433242282085224	0.9927236716952055	0.9994180079644611	0
Cer-ExN-2	0.08776397341523687	0.11384455920789469	0.00739097698343574	1.2971673316255063	0.08421424755311482	5.1901029302309e-4	-1.1961595155973269e-8	8.485497704859058e-9	-1.4096515693031997	0.9206787041223864	0.9994180079644611	0
Cer-ExN-3	0.11321976145913908	0.12204348638878564	0.00686951565230519	1.0779344949673917	0.06067417528329976	0.19918183788834623	-1.234379144586452e-8	6.690567435682217e-9	-1.844954342741164	0.967477909734694	0.9994180079644611	0
Cer-ExN-4	0.08163664146519159	0.12109120770741856	0.0078986812816232	1.483294823673628	0.0967541184921364	1.17123959735056e-6	1.5316016285905572e-9	9.037802540680069e-9	0.16946615304955634	0.4327149966125773	0.9994180079644611	2.5282950906499034e-4
Cer-ExN-5	0.09935316269873024	0.13340465043431013	0.00812977251392035	1.342731794445584	0.08182701278038187	3.701903421115071e-5	3.872705481702947e-9	8.017191579055338e-9	0.4830501358880171	0.3145300691166665	0.9994180079644611	2.5282950906499034e-4
Cer-InN-1	0.11559731924613988	0.12719002476167196	0.00722095507787512	1.1002852452905751	0.06246645791585907	0.10700809748436872	-1.185161351322652e-8	6.372581279875927e-9	-1.8597822440732008	0.9685418297594697	0.9994180079644611	0
Cer-InN-2	0.09490352463338084	0.11167189173336894	0.00798287981081184	1.1766885599324737	0.08411573586597845	0.03632554823331201	-5.007159939745973e-9	8.818586658548198e-9	-0.5677961938370634	0.7149133177030587	0.9994180079644611	0
Cer-InN-3	0.10661685085064834	0.1228110255412887	0.00801097357988249	1.1518913245085955	0.07513796849153302	0.04377763318599659	-7.041833589695603e-9	7.76202538679419e-9	-0.9072159956699092	0.8178537067099269	0.9994180079644611	0
Cer-InN-4	0.11011264755729548	0.1170723470946528	0.00746445243689998	1.0632052692560674	0.06778923768058494	0.35067371183190255	-1.6613054851815357e-8	7.120293977454388e-9	-2.3331978854270248	0.9901811191100804	0.9994180079644611	0
Cer-InN-5	0.08005590859093005	0.09150939577479648	0.00616804051346081	1.1430686052467594	0.07704666178955374	0.06178083004688169	-2.0001175318950823e-8	7.777554408404445e-9	-2.5716535389758897	0.9949392937988797	0.9994180079644611	0
Cer-InN-6	0.10119340886562496	0.1033040784162253	0.00704841510079678	1.0208577769467486	0.06965290704018479	0.7645162727814729	-9.80806284865851e-9	7.180528151007505e-9	-1.365924990807582	0.9140187460514314	0.9994180079644611	0
Cer-InN-7	0.11412881287011468	0.11527589645888392	0.00742423590918587	1.0100507799908047	0.06505137241403791	0.8771785967896976	-2.0540745661216858e-8	7.519319411861208e-9	-2.7317293675296264	0.9968498565150945	0.9994180079644611	0
Cer-InN-8	0.06410515136402166	0.09830913911383572	0.00805968223505264	1.5335606737060243	0.1257259684059659	4.398127784284486e-5	-2.422794218556863e-9	1.256492002474717e-8	-0.19282209626365004	0.5764508510469967	0.9994180079644611	0
Cer-IP	0.09015176411164338	0.09627486074787142	0.00767428867732924	1.067919875962108	0.08512632839691799	0.4249345735391188	-1.8966406704420782e-8	8.502878097922514e-9	-2.2305866891182164	0.9871457403384488	0.9994180079644611	0
Cer-MG	0.07710849517686075	0.12297741119593315	0.01000033186004301	1.5948620306214596	0.12969170046835488	7.873466344804162e-6	-1.3308510809132352e-8	1.3447499919540278e-8	-0.9896643159516988	0.8388308889151216	0.9994180079644611	0
Cer-OPC	0.10102515299457708	0.1291146520637148	0.01290668453705798	1.2780446080655334	0.12775713923195745	0.03097807209347283	8.205982227776575e-9	1.140096489545396e-8	0.7197620818084127	0.23583574746742586	0.8551173232293743	0.06797429540567708
Cer-RG-1	0.1173600637057324	0.17849172884591297	0.01295153349067782	1.520889842846895	0.11035724659414282	4.916990348779221e-6	1.9472490119162112e-8	1.0475213436627842e-8	1.8589110605683896	0.03151987303340745	0.3968570783478077	0.4013658692074599
Cer-RG-2	0.11624517983835024	0.17637577940208576	0.01223161424181317	1.5172739174850325	0.10522254994850004	1.6899261759364295e-6	1.4300752595130028e-8	9.610243207495862e-9	1.488073952590048	0.06836569592522933	0.4443770235139906	0.35224840431949894
Cer-RG-3	0.09567451564368606	0.1450906546319077	0.01434216407985044	1.5165026303583156	0.14990579239788335	7.4219365984203e-4	1.275801736929402e-8	1.3501275286555396e-8	0.9449490584047632	0.17234244195850196	0.7432934774269857	0.128839678215343
FC-CycPro	0.11067998689516584	0.17949072205148825	0.01407135009689657	1.6217089203443684	0.1271354514183735	2.591402798402918e-6	1.8457750622480187e-8	1.2200195029066837e-8	1.5129061935899215	0.0651517442255319	0.4443770235139906	0.35224840431949894
FC-Endo	0.08992814987823676	0.1803050337509824	0.01478985136030273	2.0049899168960605	0.16446297828130874	5.9652165494559695e-9	3.0634947579917013e-8	1.574206079591455e-8	1.9460569983230864	0.02582394662610745	0.3968570783478077	0.4013658692074599
FC-ExN-1	0.0854563684679439	0.11184489838234196	0.00819533514827581	1.3087953582335623	0.09590081225309754	0.00146950096005464	-9.678362086190993e-9	9.510736968628006e-9	-1.0176248295075252	0.8455718585313641	0.9994180079644611	0
FC-ExN-2	0.12366269713658032	0.1441162257701224	0.0083054313191301	1.1653977238661712	0.06716197779478399	0.01606815303623258	-1.7710891358934788e-8	7.097972776406405e-9	-2.495204182496392	0.9937057665133262	0.9994180079644611	0
FC-ExN-3	0.10702499295858406	0.14503791313283207	0.0085201391499794	1.3551779740733834	0.07960887372612566	1.7961102214092953e-5	-1.0169150119924221e-8	8.056439797255376e-9	-1.2622387029303677	0.8965685470198987	0.9994180079644611	0
FC-ExN-4	0.12796387413924035	0.14020911163024172	0.00881963006122266	1.0956929256274082	0.06892281216514141	0.16701795740137065	-1.826417710374838e-8	7.2730631533636715e-9	-2.511208375153666	0.9939840673950369	0.9994180079644611	0
FC-ExN-5	0.13751235288305513	0.13490373540032033	0.00861818433278399	0.9810299407431908	0.06267207383261904	0.7619464099499289	-1.5890730802584615e-8	6.677854095837386e-9	-2.379616351979005	0.9913346645889362	0.9994180079644611	0
FC-InN-1	0.07340518848767497	0.08663250446155808	0.0064729895869120296	1.1801959268329385	0.08818163566188343	0.04339633497401246	-1.3591653511781354e-8	7.927852445283444e-9	-1.7144180729382144	0.9567740141722364	0.9994180079644611	0
FC-InN-2	0.07765134263320271	0.09551875301963358	0.00671850399847008	1.2300978937457676	0.08652141444876106	0.00898521451967064	-1.282657810873558e-8	8.924268664441948e-9	-1.437269382066239	0.9246792674025042	0.9994180079644611	0
FC-InN-3	0.08268475979251685	0.09501857816301584	0.00704241623493423	1.149166767871716	0.08517187753348937	0.0805735758955546	-4.243775897690874e-9	8.876782562536271e-9	-0.47807590957577145	0.6837019111811689	0.9994180079644611	0
FC-InN-4	0.08876780505267516	0.07805799764039123	0.00574843794378194	0.8793503184411433	0.06475813996269024	0.067260858970789	-2.2232772681093225e-8	7.045102595468913e-9	-3.155776992572447	0.9991996440196275	0.9994180079644611	0
FC-IP	0.07478579249437903	0.10982678429281538	0.00894739783744418	1.4685514538215272	0.11964034262412448	1.34843158328e-4	2.316840337028191e-9	1.1472096501228884e-8	0.20195439750528704	0.41997618752765	0.9994180079644611	2.5282950906499034e-4
FC-MG	0.06752998871528171	0.10621323508836318	0.00921043013637383	1.5728306358257638	0.1363902217606851	3.8156669460498056e-5	-1.3483236982758858e-8	1.3847094437811956e-8	-0.9737231910501368	0.8349030003856466	0.9994180079644611	0
FC-N-undef	0.10717982862057528	0.11330876354906708	0.00789274245080002	1.0571836604645888	0.07364018540037912	0.4372030175943354	-1.4669667261915218e-8	8.071509242795319e-9	-1.8174627347431285	0.9654268553200933	0.9994180079644611	0
FC-OPC	0.07921429373046417	0.09850931413928551	0.01201250443362273	1.2435800346143957	0.15164566731474846	0.10888915241223508	4.560510402694775e-9	1.3514717450404892e-8	0.3374477061344812	0.3678897135116075	0.9994180079644611	2.5282950906499034e-4
FC-RG-1	0.10362800254111658	0.16429610711360884	0.01376972067578273	1.585441223268015	0.13287644592318867	1.941967045854989e-5	1.5782017111944897e-8	1.2425996494271972e-8	1.2700806023259348	0.10202796022587678	0.5839004449231697	0.2336611938228626
FC-RG-2	0.0821014839563917	0.1487983036771351	0.01548767599351887	1.812370453086688	0.1886406340931081	3.593965955214427e-5	3.990210039277535e-8	1.7331199467227422e-8	2.302327687603421	0.010658349773325275	0.3968570783478077	0.4013658692074599
GE-CycPro	0.1084882990035998	0.17292812760198265	0.01068629439604675	1.5939795276562003	0.09850181534961816	7.92027419834124e-9	1.1753575200703788e-8	1.0102573152787708e-8	1.1634239141797753	0.12232877578880032	0.6184399220433794	0.2087024832496151
GE-InN-1	0.09422261677636848	0.1298151908607201	0.00714060909911114	1.3777497940736283	0.07578444903582902	1.6618743950346152e-6	-1.8409293110095682e-8	8.225752506042691e-9	-2.238007172787183	0.9873897063104484	0.9994180079644611	0
GE-InN-2	0.08863997756141045	0.13270062657185203	0.00830688452068678	1.49707423470314	0.09371487616782974	3.2729248143532693e-7	-4.302284637052037e-9	1.01198850460323e-8	-0.42513176952922327	0.6646296902069302	0.9994180079644611	0
GE-InN-3	0.09494126897135272	0.12495368343130932	0.00759944008238058	1.3161155816130123	0.08004359078741206	1.0485927753666e-4	-1.5239612392986423e-8	7.650980358462572e-9	-1.9918509366097432	0.9768062922239006	0.9994180079644611	0
GE-InN-4	0.08973171156816988	0.1347165751482195	0.00940994008747207	1.5013262624091848	0.10486749804525092	3.3343161642263363e-6	2.8277988056082855e-9	1.0178788222370234e-8	0.2778129128763624	0.3905779890988481	0.9994180079644611	2.5282950906499034e-4
GE-InN-5	0.09824398242019716	0.11340184084861792	0.00743965511794311	1.1542879070556142	0.07572631864741734	0.04234412191427031	-1.6894303171013477e-8	7.818767599791816e-9	-2.160737348359518	0.9846421829346512	0.9994180079644611	0
GE-InN-6	0.1083540969130332	0.11771357069830936	0.00693459495888954	1.086378586984009	0.06399937940930253	0.1772268658739406	-1.5210715713036578e-8	6.672487371372676e-9	-2.279617010336492	0.9886847934020753	0.9994180079644611	0
GE-InN-7	0.09973446438855264	0.10360955783523304	0.00712972241715501	1.038854105954623	0.07148704774087455	0.5867858100063592	-1.9473946973165962e-8	7.471709558509091e-9	-2.6063575973705007	0.9954244566536824	0.9994180079644611	0
GE-RG-1	0.10125010924888936	0.15240745907963696	0.01084738404680014	1.5052572309329015	0.1071345416540292	5.526308918957504e-6	1.9923871374511683e-10	1.0356695606258884e-8	0.01923767206450583	0.4923257525977365	0.9994180079644611	2.5282950906499034e-4
GE-RG-2	0.14657351028549984	0.16919123216537907	0.01113183891087853	1.154309751030891	0.07594714003366393	0.04240132463420297	-1.3820914524974123e-9	7.656772250592157e-9	-0.18050575454827256	0.5716222314392165	0.9994180079644611	0
GE-RG-3	0.10654958205275182	0.19022463058341965	0.01645455007758644	1.785315595975224	0.15443092089690155	1.2166213488626523e-6	3.621884683456405e-8	1.4435339638245308e-8	2.509040157157442	0.006052986056215266	0.3968570783478077	0.4013658692074599
Hipp-CR-1	0.11748319412382728	0.12325475874755598	0.00753978402334936	1.0491267254586685	0.06417755390104934	0.4438068173947667	-1.9581701360884323e-8	6.7030661199135495e-9	-2.921305117774502	0.9982571586407912	0.9994180079644611	0
Hipp-CR-2	0.08170961385193719	0.13053342843008978	0.00963175973143628	1.5975283969230882	0.1178779249757516	1.1938268015406986e-6	1.7804267107841503e-8	1.113522148591021e-8	1.5989145011951376	0.05491980072901437	0.4443770235139906	0.35224840431949894
Hipp-CycPro	0.11315819625009164	0.17366501297329714	0.0137840155691736	1.5347099788465963	0.12181190603913006	1.9282483560328928e-5	1.8189765785822092e-8	1.1699379899568226e-8	1.554763238904089	0.0600012336107597	0.4443770235139906	0.35224840431949894
Hipp-Endo	0.07421123979414071	0.14091491747123605	0.0100549846551311	1.898835241967779	0.1354913983787802	3.8677876224900285e-10	1.7204177650134914e-8	1.3583838020769894e-8	1.266518168416722	0.10266381449198589	0.5839004449231697	0.2336611938228626
Hipp-ExN-1	0.11021128609386197	0.12236615959153142	0.00811862799976642	1.1102870125961304	0.07366421613891845	0.1326827365686736	-1.3130631760990356e-8	7.863538498580643e-9	-1.6698121034646698	0.9525217275273501	0.9994180079644611	0
Hipp-ExN-2	0.10817745341132488	0.11632097835642537	0.00795180773356249	1.0752793182710283	0.07350707086186624	0.3041587964899013	-1.4603961441035033e-8	7.694796766348073e-9	-1.897900865283805	0.9711454288142376	0.9994180079644611	0
Hipp-ExN-3	0.09614824902338624	0.12947109272441232	0.00773812568692451	1.3465777488357686	0.08048119196681745	3.5768432685178506e-5	-2.049409296640314e-8	7.969477016194307e-9	-2.571573131431121	0.9949381184419075	0.9994180079644611	0
Hipp-ExN-4	0.09372707555695126	0.09942653386361994	0.00708404734393382	1.0608090914263673	0.07558165345326874	0.42099251154511297	-1.3975176814112592e-8	7.813674434430071e-9	-1.7885537631991113	0.9631566450699913	0.9994180079644611	0
Hipp-ExN-5	0.11048690363736312	0.13290819786703062	0.00783416617694961	1.202931691372744	0.07090583516271469	0.00461899162677738	-1.3720039574836677e-8	7.503138795311208e-9	-1.8285733409877043	0.966268225292305	0.9994180079644611	0
Hipp-ExN-6	0.09300842336196705	0.1105408596198441	0.00760100959368663	1.1885037464794443	0.08172388391216225	0.02221875292081401	-1.390738961081935e-8	8.620322350748352e-9	-1.6133259343384083	0.9466631425027223	0.9994180079644611	0
Hipp-InN-1	0.08319808278893416	0.1160418619112314	0.00839593930616372	1.394766057357582	0.10091505747149782	1.3790053039355e-4	-9.130294606962307e-9	1.0301353872486458e-8	-0.8863198682406307	0.8122774071580132	0.9994180079644611	0
Hipp-InN-2	0.08893723519201552	0.12460250631110258	0.00748480538705311	1.4010161890246051	0.08415828725610161	2.9662330838488044e-6	-9.382708731885364e-9	8.504997806263623e-9	-1.103199429984019	0.865029715586098	0.9994180079644611	0
Hipp-InN-3	0.10328410968403964	0.10008124691253598	0.00655169005981371	0.9689897818618792	0.06343366932102373	0.6256409571268343	-2.2103601664781933e-8	6.806214454170895e-9	-3.247561741348995	0.9994180079644611	0.9994180079644611	0
Hipp-InN-4	0.08024513353862898	0.092608528286934	0.00659391534449974	1.1540703367681908	0.08217215242498808	0.06061737699029979	-9.363512955882152e-9	8.673465095983138e-9	-1.079558498508121	0.8598305846226055	0.9994180079644611	0
Hipp-MG	0.07925488986286056	0.1152833029700052	0.0084502995338003	1.4545891511487397	0.10662180653360769	2.762580698896421e-5	-1.6899927506086674e-8	1.0723858595247821e-8	-1.57591853305262	0.9424777103678382	0.9994180079644611	0
Hipp-OPC	0.10070877156606628	0.12754905469261246	0.00932783121608329	1.266513856828634	0.09262183493087409	0.00467367145937078	9.032454043801891e-10	8.586826310746134e-9	0.1051896674851577	0.45811265469436613	0.9994180079644611	2.5282950906499034e-4
Hipp-RG-1	0.10233362337760156	0.15174953973013836	0.0135572796915152	1.4828903220811076	0.13248118501081607	3.261674025423e-4	8.691185631525216e-9	1.2438301331231731e-8	0.6987437753821126	0.24235608571733427	0.8551173232293743	0.06797429540567708
Hipp-RG-2	0.12859311419138458	0.17651329598829346	0.01215105501313238	1.372649671782499	0.0944922680311484	1.1427148683748e-4	6.186685306250396e-9	8.934151592985073e-9	0.6924759717652501	0.24431923520839266	0.8551173232293743	0.06797429540567708
Hipp-RG-3	0.09015511916390756	0.15787895928816456	0.01317798778280021	1.7511923976400152	0.14617015544998413	1.0612036140346844e-6	2.4272892320763817e-8	1.3385625468838107e-8	1.81335510822945	0.03488853436024683	0.3968570783478077	0.4013658692074599
Thal-CycPro	0.11763165518651658	0.167576811845895	0.01007741254874349	1.4245894234862668	0.08566922341409519	1.5905489946463733e-6	9.122830044648186e-9	8.871244523443884e-9	1.028359664818103	0.1518903372885806	0.7274747733295176	0.1381820621272682
Thal-Endo	0.0887911226659111	0.1638822782116699	0.01106782979672096	1.845705666188045	0.12465018421227995	2.9439057014109857e-10	1.2608077231607944e-8	1.2964586677273556e-8	0.9725012871956376	0.16540061241465376	0.7432934774269857	0.128839678215343
Thal-ExN-1	0.13138904699572684	0.15513413446765356	0.00941357698508168	1.1807234926721022	0.07164658851196204	0.01287301054632654	-1.5657229667536064e-8	8.015617392939159e-9	-1.9533404477773963	0.9746103661507279	0.9994180079644611	0
Thal-ExN-2	0.07450598113554763	0.08026867736687736	0.00611546659289128	1.077345417689967	0.08208021020172203	0.34618249551161706	-1.5726718758093907e-8	8.616662146830498e-9	-1.8251520705008413	0.9660109578481799	0.9994180079644611	0
Thal-ExN-3	0.07367476693710065	0.12012796102797496	0.00852144063536175	1.6305170144689214	0.11566294661830248	1.9913681062068186e-7	-1.9320806995947016e-8	1.2875414212055189e-8	-1.500596926649322	0.9332700766288703	0.9994180079644611	0
Thal-InN-1	0.09860515379643456	0.11423151376523098	0.00747305730480441	1.1584740692262017	0.07578769483218056	0.03613280157294237	-5.3727322061074155e-9	7.790833932883535e-9	-0.6896222217534632	0.7547841054054023	0.9994180079644611	0
Thal-InN-2	0.10225243111280875	0.11689445584924432	0.00777575145214901	1.1431948813058723	0.07604466091931363	0.05971688319757139	-7.8092571084409e-9	7.581498408294645e-9	-1.030041383362565	0.848504710249434	0.9994180079644611	0
Thal-InN-3	0.10447867604269571	0.1146508111993857	0.00773299356121471	1.097360873452618	0.07401504167275809	0.18774056670052008	-1.2122130124725333e-8	7.502889336556674e-9	-1.615661591283523	0.9469162502443667	0.9994180079644611	0
Thal-InN-4	0.08956815277029181	0.09991829934488047	0.00688377174446097	1.1155561017444766	0.07685512686764041	0.13415483925930902	-1.2936908087306011e-8	7.71915164882971e-9	-1.6759494664504169	0.9531259543592403	0.9994180079644611	0
Thal-InN-5	0.09245299445963444	0.11321190868792616	0.00754691054426454	1.224534795758889	0.08162970370375158	0.00548005224126846	-5.124981192712829e-9	8.211128891668431e-9	-0.6241506204966509	0.7337356637867899	0.9994180079644611	0
Thal-InN-6	0.12384454096929808	0.1220582134690826	0.00793202950716207	0.9855760497294884	0.06404827734093245	0.8218123514073709	-1.0618005097896976e-8	6.873973371853325e-9	-1.5446677668805406	0.9387866773402173	0.9994180079644611	0
Thal-InN-7	0.11136525632012163	0.1291417251675735	0.00797455520247149	1.1596231125832732	0.07160720915999584	0.0283891504105732	-1.26346662439123e-8	7.556750870502749e-9	-1.671970726629462	0.9527349526727223	0.9994180079644611	0
Thal-InN-8	0.07669565599575519	0.097613469203116	0.0071797220830734	1.2727379137159809	0.09361315174709206	0.00371015116520488	-6.572469733509733e-10	9.597331233190287e-9	-0.0684822642234153	0.5272991309864523	0.9994180079644611	0
Thal-IP	0.08729024003553672	0.11569642359992738	0.00790766366502893	1.3254222184842912	0.09059046763772952	4.2908981207124e-4	-6.6329654043420525e-9	9.01553350572772e-9	-0.7357263327930642	0.7690513695618237	0.9994180079644611	0
Thal-MG	0.07585286686699684	0.11288801685994998	0.01279442344391068	1.4882498384390916	0.16867422382788633	0.00445592967883604	-2.2956971450653393e-8	1.6574181419381707e-8	-1.3851043903626945	0.9169897251755332	0.9994180079644611	0
Thal-OPC	0.11128674809714018	0.15982748248583645	0.01363318797353414	1.436177129969922	0.12250504401147548	5.1035489091964e-4	2.1452646221661643e-8	1.1419734723079024e-8	1.8785590683036033	0.030152362267909672	0.3968570783478077	0.4013658692074599
Thal-RG-1	0.10407959257587324	0.1688010628009021	0.0141289985802837	1.6218459221758326	0.1357518628830505	7.952642973237006e-6	2.6090007589635413e-8	1.2521751405474767e-8	2.083574952480555	0.018599423668107195	0.3968570783478077	0.4013658692074599
Thal-RG-2	0.10247285804656445	0.15514072066549678	0.0094277255588149	1.5139689047708582	0.09200217246337436	6.866854231873104e-8	6.5687753245694474e-9	9.423118806913083e-9	0.6970914257974117	0.24287278986606736	0.8551173232293743	0.06797429540567708
Thal-RG-3	0.09436839379724649	0.14781874480822324	0.01448118310325078	1.5664009830009036	0.1534537414546238	3.2187906427778e-4	1.2613733948773488e-8	1.3762651258583997e-8	0.9165191874571472	0.1796973242131174	0.7432934774269857	0.128839678215343
Thal-RG-4	0.110492439473599	0.1968876450767179	0.01639762123036741	1.7819105634260353	0.1484049162864709	6.97648847022574e-7	2.6555271363239848e-8	1.3927112288491189e-8	1.9067320499156215	0.02827764722801888	0.3968570783478077	0.4013658692074599
Thal-RG-5	0.060850582915168	0.08615384943138857	0.00648888602181679	1.415826197614178	0.10663638228187508	1.290600398167e-4	-6.256054835999597e-10	1.1220315866930568e-8	-0.05575649482772544	0.5222321034527615	0.9994180079644611	0
Thal-RG-6	0.11825032682402868	0.13911954419597394	0.00835133402551842	1.176483380067112	0.07062419402820136	0.01297602557375355	-6.972563788233892e-9	7.589203238837375e-9	-0.918747801159434	0.8208862495345182	0.9994180079644611	0
Thal-RG-7	0.09154427855388524	0.14059343690185466	0.00931156400523475	1.5357970931967952	0.10171650432259108	4.802375121039011e-7	1.1535895419779973e-8	9.911553091836222e-9	1.1638837337492205	0.1222355662064707	0.6184399220433794	0.2087024832496151
