Category	Prop._SNPs	Prop._h2	Prop._h2_std_error	Enrichment	Enrichment_std_error	Enrichment_p	Coefficient	Coefficient_std_error	Coefficient_z-score	ZscoreP	ldsr_FDR	ldsr_FDR_log10
Cer-CycPro	0.10304506221021784	0.09805278930566996	0.00927270674333741	0.9515525266570914	0.08998691004155603	0.5890377488176541	-1.1440944160883034e-8	4.772318140561825e-9	-2.397355713493179	0.9917430582865099	0.9999905266408811	0
Cer-Endo	0.08554896791043487	0.07905015497186903	0.00808707743673004	0.9240339995057596	0.09453156051159815	0.41905172748162367	-1.502608601524901e-8	5.04506868082025e-9	-2.978370953080068	0.998551074855232	0.9999905266408811	0
Cer-ExN-1	0.12081945809531336	0.16081217398789094	0.00792941047070156	1.3310122104754658	0.06563024363547575	9.17113539424472e-7	9.5770839767284e-9	3.740418503003437e-9	2.5604311306444205	0.0052271190833045695	0.03171118910538105	1.4987874725038832
Cer-ExN-2	0.08776397341523687	0.12024059021651406	0.00904370997768089	1.370044968766636	0.10304581282905775	4.7411643062583e-4	8.086691633445543e-9	5.680835267384163e-9	1.4235039836261962	0.07729505406384055	0.19538471999470805	0.7091094031630957
Cer-ExN-3	0.11321976145913908	0.1461342338592284	0.00952099887394341	1.2907131403201917	0.0840930836740858	9.381787737158e-4	7.810630559581986e-9	4.653505280611773e-9	1.6784402484991188	0.04663059294483225	0.1285873926660526	0.890801609669716
Cer-ExN-4	0.08163664146519159	0.09006017015442228	0.00836565547519652	1.103183185124321	0.10247427288840012	0.3144219259166024	-4.882224617766089e-9	5.708822853086215e-9	-0.8552068864996812	0.8037816877602225	0.9999905266408811	0
Cer-ExN-5	0.09935316269873024	0.09938140034535632	0.01047730194540235	1.0002842148740825	0.10545514265280911	0.9978516613368632	-6.924715036844291e-9	5.705120787808089e-9	-1.2137718541634543	0.8875825714876031	0.9999905266408811	0
Cer-InN-1	0.11559731924613988	0.14594179751844188	0.01155065153100647	1.262501574173099	0.09992144806067534	0.010098823908816	6.233089514993096e-9	5.5491196598873964e-9	1.1232573627939353	0.1306641032381446	0.27652170685281763	0.5582707710631747
Cer-InN-2	0.09490352463338084	0.12262316148668972	0.00800803663882167	1.2920822694456482	0.08438081377648826	6.1741580331113e-4	8.257803576841465e-9	4.420940685741874e-9	1.86788382017293	0.03088913330306833	0.10950831688077542	0.9605528959995366
Cer-InN-3	0.10661685085064834	0.12044983214848327	0.00752175590531821	1.1297447935056022	0.07054940982879794	0.06456179353662617	-1.3228150366603067e-9	3.834953792683039e-9	-0.3449363690337528	0.6349288959436407	0.9999905266408811	0
Cer-InN-4	0.11011264755729548	0.12186746536387584	0.00986963552515731	1.1067526580038314	0.08963216981974571	0.2367993130021336	-1.973451917323692e-9	5.1218730319593194e-9	-0.3852988750423532	0.6499920025465538	0.9999905266408811	0
Cer-InN-5	0.08005590859093005	0.10165478151567808	0.00746879930653327	1.269797361680248	0.09329479157743834	0.00394822288202241	3.810472002395615e-9	5.068143635280771e-9	0.7518476737458367	0.22607133430753498	0.43771258344650393	0.3588109680251635
Cer-InN-6	0.10119340886562496	0.13110587257058914	0.0080426215662282	1.295596956761137	0.07947772148784935	2.8741432669312e-4	9.398790672548933e-9	4.504383645512755e-9	2.0865875139014767	0.01846271846237482	0.0730481469598308	1.136390796503504
Cer-InN-7	0.11412881287011468	0.15239663662604885	0.00896342520185123	1.3353037922113955	0.07853779406303073	3.6103509594327446e-5	1.020712895775414e-8	4.4590315212137074e-9	2.2890910075862965	0.011037032598118633	0.05021849832143978	1.2991362780918956
Cer-InN-8	0.06410515136402166	0.08520321865861177	0.00830490365413132	1.329116566230139	0.12955126814960408	0.0126055619255248	7.941175848849978e-9	6.983263832257421e-9	1.1371725370259855	0.12773308259644017	0.27652170685281763	0.5582707710631747
Cer-IP	0.09015176411164338	0.1081687843580581	0.00790301089015982	1.199852109650373	0.08766340812114101	0.02277657253144123	1.8205097196255963e-9	4.766979961018571e-9	0.38190001521143463	0.3512677645006064	0.62677189352069	0.20289048693630518
Cer-MG	0.07710849517686075	0.06879136848778825	0.0072261574345766	0.8921373491987383	0.09371415455589235	0.24812046619192085	-1.4968250533972752e-8	4.7771825899037335e-9	-3.133279972510822	0.9991356776585789	0.9999905266408811	0
Cer-OPC	0.10102515299457708	0.12537017550217827	0.00857737099977294	1.240979813303604	0.08490332105939369	0.00447427990887865	5.032203880539459e-9	4.688674886862752e-9	1.0732678212855502	0.14157548430272796	0.2928038425351874	0.5334232282254
Cer-RG-1	0.1173600637057324	0.12036248492183446	0.0116723120244451	1.025582988976815	0.0994572741006017	0.7976417219350247	-7.754797990156818e-9	5.663633351366548e-9	-1.3692266976084717	0.9145357884310812	0.9999905266408811	0
Cer-RG-2	0.11624517983835024	0.12037577767556812	0.01180661775077971	1.035533497758461	0.10156651456170412	0.7275537006295869	-8.310308791681697e-9	5.608888959233531e-9	-1.48163189752598	0.9307808665650431	0.9999905266408811	0
Cer-RG-3	0.09567451564368606	0.08613308233667583	0.00729368801545226	0.900271945535165	0.07623438662198861	0.19078334801664013	-1.4463046006939028e-8	4.3219166398886894e-9	-3.346442611468676	0.9995907218928155	0.9999905266408811	0
FC-CycPro	0.11067998689516584	0.1199366158650022	0.00870404253278279	1.0836341711768005	0.07864152117245107	0.28757648024738097	-4.218865002726601e-9	4.123335333132021e-9	-1.023168057379902	0.8468858035128717	0.9999905266408811	0
FC-Endo	0.08992814987823676	0.07784970350246304	0.00821317421930164	0.8656878141924635	0.09133040355464148	0.1386952087122836	-1.7629658658857884e-8	4.953216278208077e-9	-3.559234579846725	0.9998140313947257	0.9999905266408811	0
FC-ExN-1	0.0854563684679439	0.11441757511817728	0.00912013999922743	1.338900507585894	0.10672276581292532	0.0015641667999401	7.286723213399662e-9	5.648921372974662e-9	1.2899317820673704	0.09853717235723446	0.23292084902889298	0.6327916354973321
FC-ExN-2	0.12366269713658032	0.2118720650403124	0.0108815050737567	1.7133061945617156	0.08799343153367045	1.8622736562461018e-12	2.8302681074119227e-8	5.244449294832344e-9	5.396692671241474	3.394025626207694e-8	3.0885633198490014e-6	5.510243490593367
FC-ExN-3	0.10702499295858406	0.16988613357649351	0.00977176761946398	1.5873501028141634	0.09130360441364768	1.660945582440994e-9	2.021820746032225e-8	5.205400644250804e-9	3.884082867406682	5.135843658707502e-5	0.0023368088647119133	2.6313768085301565
FC-ExN-4	0.12796387413924035	0.19204584766018865	0.00997887034460685	1.5007817554134006	0.07798193366472025	1.937287842031118e-9	1.6822953556547375e-8	4.4499086142947315e-9	3.780516638590264	7.82516296526245e-5	0.0023736327661296095	2.6245864715567926
FC-ExN-5	0.13751235288305513	0.18955073698489155	0.00955525203422734	1.3784269777282592	0.06948649945909538	2.513948278424338e-7	1.2449880077067124e-8	4.047898158314106e-9	3.075640638709232	0.0010502542031860728	0.010619236943325847	1.9739066888297774
FC-InN-1	0.07340518848767497	0.101302258175364	0.00782111667603813	1.380042204950854	0.10654719151564236	3.0636598339953e-4	1.0613865801755456e-8	5.594117305642215e-9	1.8973262843541612	0.028892444010138855	0.10950831688077542	0.9605528959995366
FC-InN-2	0.07765134263320271	0.10693203409790356	0.00833930588341622	1.3770790107649833	0.1073942265597149	4.5408980446093e-4	9.675265560647538e-9	5.698677340281774e-9	1.6978089796831943	0.04477191027524519	0.1273201198452285	0.8951029612535406
FC-InN-3	0.08268475979251685	0.09321891469757848	0.00883506167397544	1.1274014090564604	0.10685235944502353	0.2369101827579578	-2.034554028882158e-9	5.801066323836377e-9	-0.3507206977658999	0.6371010519269614	0.9999905266408811	0
FC-InN-4	0.08876780505267516	0.13252303519158998	0.00886371954962958	1.4929177883011784	0.09985286382117724	1.8178380211860728e-6	1.9289924178655245e-8	5.458272709462497e-9	3.534071162332015	2.046054433114369e-4	0.0037238190682681517	2.429011428539692
FC-IP	0.07478579249437903	0.08818862274608277	0.00822531349790756	1.179216262938059	0.10998497473334648	0.10003454123425017	-2.228426575479122e-9	5.875995085492542e-9	-0.37924241648550144	0.6477460719135341	0.9999905266408811	0
FC-MG	0.06752998871528171	0.0570250675617907	0.00649975490099228	0.8444406499491419	0.0962499035561281	0.10643436332180116	-1.731763272338019e-8	4.817693884637971e-9	-3.5945896808845372	0.9998375483908063	0.9999905266408811	0
FC-N-undef	0.10717982862057528	0.13206152302453578	0.00829304768933772	1.2321490407681428	0.07737507883778895	0.00306171729497653	3.46774975730142e-9	4.335687105141669e-9	0.7998155017203695	0.21190885012079108	0.4192109861085215	0.3775673444790309
FC-OPC	0.07921429373046417	0.09131466184274174	0.00727210003793594	1.152754857014196	0.0918028766712244	0.09765524836145456	5.582736812212198e-10	4.864074269346665e-9	0.11477490891523874	0.45431176869398526	0.7950455952144742	0.09960796419607137
FC-RG-1	0.10362800254111658	0.09994159880615676	0.0085125830479161	0.964426567678971	0.08214558651305238	0.6652412823537226	-1.1957439046727622e-8	4.5094331938953574e-9	-2.6516501149002485	0.9959950251044277	0.9999905266408811	0
FC-RG-2	0.0821014839563917	0.08071270684002992	0.00734386041370004	0.9830846283229248	0.08944857096128421	0.8501509443954962	-9.387025544308116e-9	4.695405430745384e-9	-1.999193825274839	0.9772063067954007	0.9999905266408811	0
GE-CycPro	0.1084882990035998	0.12453316983359904	0.00820377657020148	1.147894943301368	0.07561899896623198	0.05161074328127003	-1.716341891978158e-9	4.064263974659846e-9	-0.4223007911590697	0.6635972596199938	0.9999905266408811	0
GE-InN-1	0.09422261677636848	0.1441695866636995	0.01045617698560386	1.5300953380001856	0.11097311179990844	4.218617647521916e-6	1.6621667702160083e-8	6.0319355972981394e-9	2.75561093682853	0.002929131725585738	0.020503922079100165	1.6881630572667077
GE-InN-2	0.08863997756141045	0.13769031112388885	0.00923649104662409	1.553365816552649	0.10420231706652888	4.157837920687873e-7	1.9163863619446644e-8	5.658077178413568e-9	3.3869922617103425	3.533169044851492e-4	0.0045931197583069395	2.3378922308952017
GE-InN-3	0.09494126897135272	0.14238514730305463	0.00940040124384704	1.4997181820480774	0.0990128038701852	1.4877065578908236e-6	1.6128247239513266e-8	5.4783542536340624e-9	2.943994946806262	0.0016200264483616003	0.013402036981900513	1.8728291879958985
GE-InN-4	0.08973171156816988	0.1280645152622975	0.00851418448568139	1.4271934974182	0.09488490007474232	9.402099695494882e-6	1.2550727537921657e-8	5.112885829574294e-9	2.4547247789741173	0.007049624357775332	0.037988590886528666	1.4203468154622516
GE-InN-5	0.09824398242019716	0.14253675526082354	0.009037483901389	1.4508446395340813	0.09199020315295228	1.7435852502058705e-6	1.4328076443332641e-8	5.078688513315514e-9	2.8212158327423897	0.002392100133977556	0.01814009268266313	1.7413604983417263
GE-InN-6	0.1083540969130332	0.15042706214618004	0.0098902980655318	1.3882914115090204	0.09127756446043685	3.8884230096932416e-5	1.1356349153007373e-8	5.0292167717438655e-9	2.2580750976597086	0.011970488937667842	0.05187211872989398	1.2850660127754645
GE-InN-7	0.09973446438855264	0.1505627771392495	0.00930502773529698	1.5096363936209285	0.09329801681238088	3.009626879230225e-7	1.6069112105151622e-8	5.198316529037453e-9	3.0912146298499947	9.966974433791432e-4	0.010619236943325847	1.9739066888297774
GE-RG-1	0.10125010924888936	0.11389874257882251	0.00884287188951778	1.1249246388351122	0.0873369120795767	0.15842904765375315	-2.870088189440913e-9	4.862651438358834e-9	-0.5902311168759364	0.7224821433914258	0.9999905266408811	0
GE-RG-2	0.14657351028549984	0.14227064312792176	0.009712137740092	0.9706436234678636	0.06626120723433888	0.6581036551600036	-1.1091093197615802e-8	4.116877097647981e-9	-2.694054968012592	0.9964705738841179	0.9999905266408811	0
GE-RG-3	0.10654958205275182	0.1187322053312308	0.00841665013403178	1.114337597987456	0.07899280289869906	0.1486873098141863	-3.396420794939082e-9	4.4463549635966055e-9	-0.7638663180844555	0.7775265444246836	0.9999905266408811	0
Hipp-CR-1	0.11748319412382728	0.15666950782251546	0.0092061867202796	1.3335482491000867	0.07836173325842917	4.2846661502463696e-5	7.96132800356863e-9	4.498134308957919e-9	1.769917805191777	0.03837041712835579	0.11639026528934589	0.9340833419190829
Hipp-CR-2	0.08170961385193719	0.0887090044852238	0.00848651389817697	1.0856617759321434	0.10386187742307844	0.4105192846358362	-4.399272912187832e-9	5.550565662448436e-9	-0.7925810052028549	0.7859890104395654	0.9999905266408811	0
Hipp-CycPro	0.11315819625009164	0.11177166535551968	0.0092887474025011	0.9877469689291656	0.08208638623022929	0.8811140671823583	-9.215768653620182e-9	4.448185312482106e-9	-2.0718041192572856	0.9808581438064411	0.9999905266408811	0
Hipp-Endo	0.07421123979414071	0.07045484855226328	0.00823580041679959	0.9493824486385416	0.11097780389662548	0.6470859328842682	-1.2532081230449032e-8	5.769167983190034e-9	-2.1722510536986435	0.9850816341368708	0.9999905266408811	0
Hipp-ExN-1	0.11021128609386197	0.149007821741454	0.00918081771470632	1.3520196254179522	0.08330197423599098	3.361637426252362e-5	1.0076930848743973e-8	4.545032571955046e-9	2.217130612203595	0.013307083730967492	0.05504293725082009	1.2592983989406625
Hipp-ExN-2	0.10817745341132488	0.13948710664970995	0.00818103610126576	1.289428640174546	0.07562607404113014	1.5903685486038e-4	7.408607609561347e-9	4.159458960179093e-9	1.781146942544267	0.037444224348202576	0.11639026528934589	0.9340833419190829
Hipp-ExN-3	0.09614824902338624	0.14634315475532736	0.00813452051936699	1.5220574086557954	0.0846039382099244	2.8490371603846014e-9	1.5318115697834038e-8	4.46373254923533e-9	3.4316831326415698	2.9992398873024086e-4	0.004548847162408653	2.3420986548687996
Hipp-ExN-4	0.09372707555695126	0.11718447532722565	0.00778490338006165	1.2502734629335683	0.08305927965640326	0.00257487193270886	5.8723571232179185e-9	4.633335326306501e-9	1.267414661286584	0.10250353006934741	0.23319553090776535	0.6322797769005655
Hipp-ExN-5	0.11048690363736312	0.16539756792653867	0.00912060411733646	1.496987991168634	0.08254918743375995	1.6263155494677265e-8	1.6669607004950732e-8	4.661059253756383e-9	3.576355952033128	1.7420858118527734e-4	0.0037238190682681517	2.429011428539692
Hipp-ExN-6	0.09300842336196705	0.12468674681373436	0.00954375925337055	1.3405962847954394	0.10261177330389178	0.00146889764128187	7.404512984136939e-9	5.773231499281104e-9	1.2825595136898575	0.0998232210123827	0.23292084902889298	0.6327916354973321
Hipp-InN-1	0.08319808278893416	0.10405961401159952	0.00720530176140456	1.2507453359903633	0.08660418028722786	0.0046821033762622	2.1997288011291134e-9	4.6615536423097356e-9	0.4718874799945835	0.3185035525106521	0.581719434516526	0.23528642672545177
Hipp-InN-2	0.08893723519201552	0.11361670041012052	0.01255021049992994	1.2774930563652225	0.141113117276853	0.05244459649098291	4.942312259385328e-9	7.899028124053008e-9	0.6256861200855449	0.2657604195043061	0.5038374619769137	0.2977095444103686
Hipp-InN-3	0.10328410968403964	0.13724941460413367	0.00834755681043397	1.3288531510219588	0.08082130771103423	8.253850513839035e-5	1.03022581647484e-8	4.493237674439183e-9	2.29283623774348	0.010928717436477449	0.05021849832143978	1.2991362780918956
Hipp-InN-4	0.08024513353862898	0.10032271776387476	0.00758966918900084	1.2502031380579692	0.09458105251139336	0.00930089231870241	6.82017665748143e-9	5.000874256409591e-9	1.363796869865314	0.08631575286247867	0.21229009487798808	0.6730702688589046
Hipp-MG	0.07925488986286056	0.06891116833167432	0.01052099460317282	0.8694879073192254	0.1327488388587496	0.3238540380881041	-1.5792492682499757e-8	7.245046244658718e-9	-2.17976423465102	0.9853625288281714	0.9999905266408811	0
Hipp-OPC	0.10070877156606628	0.11234296858729448	0.01071929182013797	1.1155231747971033	0.10643851229091776	0.2814141892495345	-1.867707841430444e-9	5.811645607896342e-9	-0.3213733196141159	0.6260362502557588	0.9999905266408811	0
Hipp-RG-1	0.10233362337760156	0.10795012741948114	0.00947674105841649	1.0548842487591314	0.09260632767246205	0.5532090231002078	-6.74576965361127e-9	5.1985535050173375e-9	-1.297624357833511	0.9027917760505794	0.9999905266408811	0
Hipp-RG-2	0.12859311419138458	0.13135588798213677	0.0095202425324511	1.0214846168717897	0.07403384382061211	0.7714705364250043	-8.26450458296519e-9	4.214591324897357e-9	-1.9609266820588984	0.9750562118665764	0.9999905266408811	0
Hipp-RG-3	0.09015511916390756	0.10252209210551871	0.00859530088756249	1.1371743840649498	0.0953390219798358	0.15018887319491112	-2.565486669183119e-9	5.130569656517724e-9	-0.5000393408408363	0.6914763116837717	0.9999905266408811	0
Thal-CycPro	0.11763165518651658	0.123192524201845	0.00904940555064035	1.0472735762028609	0.07693001969828303	0.5400779968635505	-5.866962154591885e-9	4.167885448316892e-9	-1.407659166103312	0.9203839906853443	0.9999905266408811	0
Thal-Endo	0.0887911226659111	0.08520091024794199	0.0088232755267046	0.959565637755502	0.09937114501754188	0.6822209840457698	-1.2280733840189288e-8	5.392200125365411e-9	-2.277499639232522	0.9886217969264108	0.9999905266408811	0
Thal-ExN-1	0.13138904699572684	0.18113505941302468	0.00890108267887884	1.3786161293864605	0.06774600229171564	8.033259833334266e-8	9.93506214413047e-9	3.8645146429497e-9	2.570843446603492	0.005072558839555442	0.03171118910538105	1.4987874725038832
Thal-ExN-2	0.07450598113554763	0.08268154294145762	0.00637985069752807	1.1097302750907516	0.08562870524342617	0.1999298973575378	-8.695245820803516e-10	4.716866671639755e-9	-0.1843436846134286	0.5731280771283229	0.9658269447903219	0
Thal-ExN-3	0.07367476693710065	0.10626460626295206	0.00769587340397748	1.442347369129444	0.10445738376814664	3.101744007990957e-5	1.3449404691276433e-8	5.4843426959440205e-9	2.4523275507971123	0.007096769726054806	0.037988590886528666	1.4203468154622516
Thal-InN-1	0.09860515379643456	0.12923893800325484	0.00869486441825017	1.3106712278960817	0.08817860003748172	5.0024766761204e-4	8.645387397001995e-9	4.744596259912656e-9	1.8221544939550136	0.03421577356469955	0.11531982942176514	0.9380960086809935
Thal-InN-2	0.10225243111280875	0.1341372228293254	0.00857835731276609	1.3118242898434376	0.08389392036363541	2.5220981106998e-4	8.47989890201972e-9	4.5537214907155225e-9	1.8621909397202248	0.03128809053736441	0.10950831688077542	0.9605528959995366
Thal-InN-3	0.10447867604269571	0.11917168172499422	0.00746947235120084	1.1406316220574435	0.07149279292310719	0.04977454146270844	-6.963629925444464e-10	3.906723303006732e-9	-0.17824732865225043	0.5707356290361972	0.9658269447903219	0
Thal-InN-4	0.08956815277029181	0.11943343838910836	0.00745015807639027	1.3334364357765602	0.08317865051316949	9.765664776513514e-5	1.0712941850203204e-8	4.436236007226374e-9	2.4148719393540916	0.007870371412630705	0.039789099919410785	1.400235885041962
Thal-InN-5	0.09245299445963444	0.12142742160023466	0.0082409684680678	1.313396308145007	0.08913684750001112	4.98041507727e-4	7.455527374795609e-9	4.831537175027618e-9	1.543096348990214	0.06140370022970369	0.1643451976736187	0.7842429819037403
Thal-InN-6	0.12384454096929808	0.1567636215995495	0.00908783841519073	1.2658097028145334	0.07338101739537851	3.4675003726774e-4	7.717801504635541e-9	4.29187593390947e-9	1.798234996416915	0.03606988794094465	0.11639026528934589	0.9340833419190829
Thal-InN-7	0.11136525632012163	0.16080595989009472	0.01011136586010225	1.4439508802265473	0.09079461758734636	3.151976601283411e-6	1.4720362229422484e-8	4.945822520427913e-9	2.9763223748168137	0.0014586401105900204	0.013273625006369185	1.877010455788826
Thal-InN-8	0.07669565599575519	0.09642426486719156	0.00787659628826498	1.2572324157776062	0.10269937959329696	0.01347948785470794	6.673670614498178e-9	5.339589535786395e-9	1.249847122100052	0.10567769934352493	0.23455294244538463	0.6297591144977722
Thal-IP	0.08729024003553672	0.10706822078116005	0.00844290234906832	1.2265772294539632	0.0967221804594779	0.01897999854038047	2.429828773550395e-9	5.183693234269414e-9	0.4687447084034196	0.31962606292116813	0.581719434516526	0.23528642672545177
Thal-MG	0.07585286686699684	0.06266472087077307	0.00631480150074954	0.8261351674505811	0.08325066357507808	0.0352331061714829	-1.8263554894206962e-8	4.2702238838204165e-9	-4.276954883655237	0.9999905266408811	0.9999905266408811	0
Thal-OPC	0.11128674809714018	0.14255959488638148	0.00891118325717681	1.2810114171180904	0.08007407359408511	5.3815704350952e-4	6.4573473945512565e-9	4.435111496893468e-9	1.4559605545597318	0.07270176212192833	0.18902458151701368	0.7234817147525989
Thal-RG-1	0.10407959257587324	0.11118164342586134	0.01035623778062446	1.0682367280099674	0.09950305842209026	0.49228461359267495	-5.600120641226863e-9	5.559410279045634e-9	-1.0073227842770796	0.8431101579248654	0.9999905266408811	0
Thal-RG-2	0.10247285804656445	0.1025940194736262	0.00922611045203143	1.001182375795615	0.09003467481934604	0.9895281018150224	-1.0875115912787071e-8	4.919226979052532e-9	-2.210736759880446	0.9864729643082023	0.9999905266408811	0
Thal-RG-3	0.09436839379724649	0.08632391129805918	0.00678031289794661	0.9147544831962372	0.07184940449992547	0.23505236065963983	-1.4876170352475852e-8	4.054040601515662e-9	-3.6694675299784065	0.999878471896975	0.9999905266408811	0
Thal-RG-4	0.110492439473599	0.1458451015731013	0.00907603267262783	1.319955485352004	0.08214166250530162	1.5968892897102e-4	4.8746756828553e-9	4.702185399545785e-9	1.036683003466043	0.14994180784026812	0.3032156558547644	0.5182483786475083
Thal-RG-5	0.060850582915168	0.06684859154448593	0.00680589167977369	1.098569452287413	0.11184595699373678	0.3794016383055854	-3.029747217145416e-9	5.842703238526721e-9	-0.5185523024971208	0.6979635109423066	0.9999905266408811	0
Thal-RG-6	0.11825032682402868	0.1561469178438687	0.00898064641880298	1.320477685243398	0.07594606002372674	4.973273732749782e-5	7.691881647012346e-9	4.448804716948221e-9	1.728977137996024	0.04190659343795567	0.12301612912432149	0.9100379427845204
Thal-RG-7	0.09154427855388524	0.10136090878459676	0.00830952120076338	1.1072336839154096	0.09077051381067136	0.23814473272381553	-4.265337250622091e-9	4.970179149157578e-9	-0.8581858163694253	0.8046050666408532	0.9999905266408811	0
