FC_ExN_2_GO:0001764~neuron migration 9201 6792 8941 8851 23314 1600 4916 1951 2258 26012 84623 653464 10718 57698 3675 9856 10752 4208 1812 
FC_ExN_2_GO:0006836~neurotransmitter transport 9783 22859 6533 8499 2054 27445 440279 9162 1855 6809 774 10815 57586 140730 6622 5413 8825 8448 5799 4208 54716 6804 1812 9751 8541 6861 594855 6860 8224 9379 388662 81539 6580 57030 55117 2555 6854 6853 6812 
FC_ExN_2_GO:0007156~homophilic cell adhesion via plasma membrane adhesion molecules 56130 6092 56132 2196 222256 57463 27328 25945 27020 1951 57526 79633 56135 84623 56113 57863 56136 1012 11122 9752 1010 1008 56105 120114 56129 56144 56122 57575 56124 56147 54549 347902 54825 1009 
FC_ExN_2_GO:0007186~G-protein coupled receptor signaling pathway 88 7201 8851 5741 3363 124274 83756 54112 111 2742 284339 84687 115 2784 116 117 10692 6622 4886 8526 2826 4889 4923 1812 5475 8620 1394 57512 2911 2555 566 50840 54329 5468 4852 2917 10268 10149 2913 2835 8111 401190 22859 9568 4157 2770 9162 6370 2845 27065 2767 1951 333 4829 576 11245 3776 4987 104909134 8321 259293 9455 8644 259290 5334 2781 27239 3274 22986 1129 1128 2532 2850 7349 107 10681 5567 2979 
FC_ExN_2_GO:0007399~nervous system development 25902 340371 9863 23287 79094 388552 118427 374946 57622 596 57624 23040 4609 27086 79414 84687 85414 2664 23043 116 51761 8648 7436 54910 9856 10893 8646 152330 9751 4062 5274 8543 388662 2560 5270 2675 60484 4852 4613 4978 7224 7345 22859 7223 490 6809 57526 83933 4741 3897 10752 4745 816 4747 10512 818 8321 8440 348980 3792 4761 1809 9890 1129 1128 2334 23154 7349 1808 3785 6812 4756 706 83482 1009 7483 114787 1141 161497 440730 10612 57662 51440 1496 3675 8448 55800 10058 2902 1812 54715 23017 93185 287 288 26086 441381 29116 6711 6712 85442 6715 51339 55816 10501 10500 23108 9201 5881 4674 2254 26052 2009 57689 27020 1951 81551 10718 4665 10397 26050 65078 347730 91584 9211 6860 92558 8128 4684 4685 57451 8482 100132074 22941 1600 51232 2258 1840 56122 2016 2257 56124 126731 57698 55715 90249 50944 8013 7046 10251 26038 56130 57463 56132 7042 1855 389119 56135 1056 8927 255738 4208 9355 5792 8941 7058 9118 5796 2044 23213 2042 2281 56144 1740 653464 56147 5789 2290 9247 222950 64218 6092 23542 2173 23544 146760 6096 23426 54897 26012 4908 79955 84623 8704 658 8822 6405 10479 163404 5453 9379 3398 2185 9253 23314 4916 57497 1400 57498 54549 5567 7869 5209 23768 349667 6792 9024 8851 10570 9148 4135 27445 9143 10458 430 51286 54674 6546 6666 79739 6547 3714 8620 84628 9394 57030 5590 388610 566 5909 347902 78999 5468 80031 5361 9048 64377 8633 6456 285016 9600 8193 57282 163175 84668 51062 333 576 79633 578 6446 8745 140733 89797 9839 9734 4168 63974 80725 27319 55790 57611 54221 3624 81029 3623 1687 57731 5126 107 8516 5127 6457 84894 84530 5800 55558 
FC_ExN_2_GO:0007416~synapse assembly 23768 22859 9863 56130 6092 27445 56132 57463 26052 1855 27020 576 84623 54674 1056 8927 26050 1812 8321 347730 7058 9379 22941 4916 441381 56122 54549 347902 5789 6712 
FC_ExN_2_GO:0007610~behavior 8013 5581 23287 1141 57144 56172 1855 54112 111 596 84687 51286 478 116 51761 8648 5577 7436 3675 6622 4886 6547 10499 2904 4889 4923 2902 4208 1812 5270 57030 5590 2911 4852 2917 6712 6715 50801 7345 6335 64854 23542 23544 57282 9162 163175 55585 55342 27020 774 84623 84502 8704 6446 814 3776 89797 10752 4987 26050 9455 347730 9610 4761 9379 6543 3398 3156 3274 100132074 22941 22986 1600 2258 2059 2334 2257 2894 57731 7349 8516 107 706 50944 
FC_ExN_2_GO:0007613~memory 1141 57144 478 8704 7436 3675 6446 3776 6547 814 2902 1812 9610 6543 3274 100132074 22941 57030 22986 5590 2258 8516 107 2917 50944 50801 
FC_ExN_2_GO:0022008~neurogenesis 340371 9863 23287 79094 388552 118427 374946 57622 596 57624 4609 27086 79414 84687 85414 2664 23043 116 51761 8648 7436 54910 9856 10893 152330 9751 8543 2560 5270 4852 4613 4978 7224 7345 7223 6809 83933 4741 3897 10752 816 4747 10512 8321 8440 348980 3792 4761 1809 9890 23154 7349 1808 6812 4756 706 83482 1009 7483 114787 1141 161497 440730 57662 1496 3675 2902 1812 23017 288 6711 6712 85442 10501 10500 23108 9201 5881 4674 26052 2009 57689 27020 1951 81551 10718 4665 10397 26050 65078 91584 9211 6860 92558 4684 4685 57451 8482 100132074 1600 2258 1840 2016 126731 57698 90249 50944 8013 7046 10251 26038 57463 7042 1855 255738 4208 9355 5792 8941 5796 2044 2042 2281 653464 5789 9247 222950 64218 6092 23542 2173 146760 6096 23426 54897 26012 4908 79955 84623 658 6405 10479 163404 5453 3398 2185 9253 23314 4916 57497 1400 57498 54549 7869 23768 349667 6792 9024 8851 10570 9148 4135 10458 430 51286 6547 3714 84628 9394 5590 566 5909 78999 5468 80031 5361 9048 8633 285016 57282 163175 51062 79633 6446 9734 4168 80725 27319 57611 3624 81029 1687 57731 107 5127 84894 5800 55558 
FC_ExN_2_GO:0030182~neuron differentiation 8013 7046 340371 10251 9863 26038 23287 388552 57463 118427 374946 7042 57622 1855 57624 596 27086 79414 84687 2664 23043 116 51761 8648 7436 54910 9856 255738 152330 4208 9751 9355 5792 8543 5796 2044 2560 2042 2281 653464 4852 5789 4613 4978 7224 7345 222950 6092 64218 23542 146760 6096 23426 6809 26012 4908 79955 84623 4741 658 6405 3897 10752 816 10512 4747 10479 8321 8440 348980 163404 3792 4761 1809 3398 2185 9890 23314 9253 4916 1400 57497 57498 23154 1808 54549 7349 6812 4756 7869 706 1009 23768 7483 349667 9024 6792 10570 8851 9148 4135 114787 1141 440730 161497 10458 57662 51286 1496 3675 2902 1812 3714 84628 23017 9394 5590 288 5909 6711 78999 6712 85442 80031 10501 10500 23108 9201 9048 5361 8633 5881 285016 4674 57282 163175 26052 57689 51062 27020 1951 81551 79633 6446 26050 65078 91584 9211 9734 92558 6860 4684 4168 4685 80725 57451 8482 100132074 57611 3624 1600 81029 1687 1840 2258 2016 126731 57698 57731 107 5127 90249 84894 55558 5800 50944 
FC_ExN_2_GO:0030516~regulation of axon extension 5361 91584 6792 65078 7224 8851 64218 8482 374946 57611 4916 57698 1808 6405 54910 55558 3897 7869 80031 10501 10512 10500 
FC_ExN_2_GO:0031175~neuron projection development 8013 10251 9863 388552 57463 374946 7042 57622 1855 57624 596 27086 79414 84687 2664 23043 116 51761 7436 54910 9856 152330 4208 9355 5792 5796 2044 2042 2281 653464 4852 5789 7224 7345 222950 6092 64218 23542 146760 23426 6809 26012 4908 84623 4741 658 6405 3897 10752 816 10512 4747 10479 8440 163404 3792 1809 2185 9890 9253 4916 1400 57497 57498 23154 1808 7349 6812 4756 7869 706 1009 23768 349667 9024 6792 10570 8851 9148 4135 114787 1141 440730 10458 57662 1496 3675 2902 84628 5590 288 6711 78999 6712 85442 80031 10501 10500 23108 9201 9048 5361 8633 5881 285016 26052 57689 51062 27020 1951 81551 6446 26050 65078 91584 9211 92558 6860 4684 4168 4685 80725 57451 8482 100132074 57611 1600 2258 2016 57698 57731 107 5127 90249 84894 55558 5800 50944 
FC_ExN_2_GO:0034762~regulation of transmembrane transport 88 5581 57463 59283 388591 596 6546 6622 3754 55800 255738 4923 4208 1812 729993 23416 9992 1394 254263 56660 2281 169522 287 23171 288 27012 27133 10021 113451 3767 56704 50801 6335 23542 56479 774 775 610 84502 777 4987 104909134 6769 6262 348980 3792 2185 9132 781 783 57657 784 786 2257 8912 10681 3785 8913 8911 1804 50944 
FC_ExN_2_GO:0042391~regulation of membrane potential 88 9783 1141 388591 1855 54112 596 4609 476 478 116 6546 6622 55800 4923 2902 4208 1812 23416 9992 8620 254263 56660 2281 57030 5590 287 23171 288 115111 27133 10021 3767 50801 7224 6335 23542 9162 2767 774 775 610 578 777 140730 3776 6804 6262 11094 348980 2185 5172 781 783 57657 784 2258 2257 8912 8913 8911 706 50944 
FC_ExN_2_GO:0043269~regulation of ion transport 88 5581 57463 59283 388591 79570 596 476 116 117 6546 53822 6622 3754 55800 255738 4889 4923 4208 1812 729993 23416 9992 1394 254263 56660 5270 2281 169522 287 23171 288 27012 27133 10021 2917 3767 56704 50801 6335 23542 56479 774 775 610 84502 578 777 6446 4987 104909134 816 6769 5957 818 6262 348980 3792 154215 2185 9132 781 1128 783 57657 784 786 2257 57731 1808 7349 8912 10681 3785 8913 8911 1804 706 50944 
FC_ExN_2_GO:0048666~neuron development 8013 10251 9863 388552 57463 118427 374946 7042 57622 1855 57624 596 27086 79414 84687 2664 23043 116 51761 7436 54910 9856 152330 4208 9355 5792 5796 2044 2560 2042 2281 653464 4852 5789 4978 7224 7345 222950 6092 64218 23542 146760 6096 23426 6809 26012 4908 79955 84623 4741 658 6405 3897 10752 816 10512 4747 10479 8440 348980 163404 3792 4761 1809 3398 2185 9890 9253 4916 1400 57497 57498 23154 1808 7349 6812 4756 7869 706 1009 23768 349667 9024 6792 10570 8851 9148 4135 114787 1141 440730 161497 10458 57662 1496 3675 2902 1812 84628 9394 5590 288 6711 78999 6712 85442 80031 10501 10500 23108 9201 9048 5361 8633 5881 285016 57282 163175 26052 57689 51062 27020 1951 81551 79633 6446 26050 65078 91584 9211 92558 6860 4684 4168 4685 80725 57451 8482 100132074 57611 1600 2258 2016 126731 57698 57731 107 5127 90249 84894 55558 5800 50944 
FC_ExN_2_GO:0048667~cell morphogenesis involved in neuron differentiation 8013 23768 6792 9024 8851 4135 1141 161497 57463 374946 7042 57622 1855 10458 596 27086 79414 2664 51761 1496 7436 54910 152330 4208 9355 2044 84628 288 6711 78999 5789 6712 80031 10501 10500 9201 9048 5361 7345 7224 8633 6092 64218 23542 26052 51062 1951 79955 658 6405 3897 10752 816 4747 10512 26050 10479 65078 91584 9211 3792 4684 3398 80725 57451 8482 9890 9253 57611 4916 1600 57497 2258 1400 57498 57731 57698 1808 107 90249 6812 84894 55558 5800 4756 7869 50944 1009 
FC_ExN_2_GO:0050803~regulation of synapse structure or activity 23768 22859 9148 6092 1141 57463 9162 10458 6809 27020 576 26012 84502 54674 1496 6622 6547 9758 152330 816 26050 2902 4208 1812 729993 8541 347730 7058 9610 4684 4761 6543 729956 2185 3274 5270 22941 22986 5590 4916 441381 23154 347902 6812 
FC_ExN_2_GO:0050804~modulation of synaptic transmission 5581 9783 9148 1141 1855 10458 84687 116 1056 5413 6622 6547 152330 4889 4923 2902 4208 1812 729993 8541 8224 729956 5270 5590 2911 2917 2913 64854 2770 23542 9162 6809 27020 26012 84502 140730 816 6804 347730 9211 594855 9610 4761 4684 6543 5334 2185 3274 22941 22986 23154 7349 6853 6812 50944 
FC_ExN_2_GO:0050808~synapse organization 23768 22859 9863 9148 56130 6092 27445 1141 56132 57463 23544 26052 1855 27020 576 84623 54674 1496 1056 6622 9758 8927 816 26050 2902 10479 4208 1812 8321 347730 7058 4761 9379 6620 22941 783 288 4916 784 441381 56122 80059 54549 347902 5789 6712 50944 
FC_ExN_2_GO:0061564~axon development 8013 23768 349667 6792 9024 10251 8851 1141 57463 374946 7042 57622 1855 10458 596 27086 79414 2664 51761 1496 54910 152330 9355 2044 2042 84628 2281 288 6711 78999 6712 80031 10501 10500 9201 9048 5361 7345 7224 8633 6092 64218 146760 51062 1951 4741 658 6405 3897 10752 4747 10512 26050 10479 65078 91584 9211 3792 4684 4685 57451 8482 9890 9253 57611 4916 1600 57497 2258 1400 57731 57698 1808 107 90249 6812 84894 55558 5800 4756 7869 706 1009 
FC_ExN_2_GO:0099536~synaptic signaling 9228 8499 56130 3363 56132 57622 1855 79414 10815 57586 116 5413 6622 8927 152330 4208 9751 8541 729993 5792 254263 5270 1740 4852 5789 22859 64854 2054 23542 440279 6809 774 26012 84502 777 8825 5799 4987 816 6804 9892 594855 4761 9379 6543 5334 9094 2185 3274 22986 1129 1128 783 784 57497 23154 7349 3785 6812 5581 9783 9148 27445 1141 10458 2742 8448 6547 2904 4889 4923 2902 54716 1812 8224 8620 729956 57030 5590 2911 78999 2917 2913 9568 5881 2770 9162 56479 27020 140730 11245 1837 26050 347730 9211 6861 6860 4684 9610 6620 22941 56122 2257 6854 6853 8913 50944 
FC_ExN_3_GO:0001764~neuron migration 6792 8851 10371 2823 1951 26012 1630 23284 92737 5830 9856 6900 10752 89796 8829 4208 23314 1600 4916 2258 57057 2796 81565 57698 4137 4139 
FC_ExN_3_GO:0006836~neurotransmitter transport 8541 9783 6860 6533 8499 2054 27445 81539 6580 57030 774 10815 6853 8825 6622 10497 5799 6812 6538 4208 54716 6804 2901 
FC_ExN_3_GO:0007156~homophilic cell adhesion via plasma membrane adhesion molecules 56130 56131 56132 2196 222256 57463 27328 56137 1952 1951 79633 56135 56136 9752 8642 56141 1010 56142 56126 120114 56129 56144 56100 56122 1002 56124 56147 56125 1826 1009 
FC_ExN_3_GO:0007186~G-protein coupled receptor signaling pathway 5021 9463 5144 7201 8851 150 255061 57580 390439 83756 2742 23284 117 10692 6622 6900 8526 4923 285242 5350 4142 57191 8620 1394 55890 57512 2559 2798 1268 54329 51655 408 6714 10149 2835 51738 4157 1363 2770 2570 27065 2767 1952 1951 333 6447 3776 57406 104909134 259293 5132 5334 10887 146 107 1609 387509 10563 747 109 4878 2979 
FC_ExN_3_GO:0007399~nervous system development 5021 6597 388552 374946 22876 351 56896 57622 596 23040 85414 23284 23043 92737 8648 7436 9856 10893 6900 8646 8408 5270 2675 2796 51412 4610 55219 4613 7224 4741 5830 9639 10752 816 10512 6925 3792 4761 9890 200894 28969 2334 55236 1002 10409 1808 3785 6812 4756 83482 1009 114787 1141 57540 10978 6709 57662 1496 7915 54715 221914 4781 339451 23135 23136 287 1268 6712 51339 1826 6714 55816 10500 2254 57688 2009 1952 1951 81551 613 10397 137970 6604 65078 91584 6860 92558 8128 4684 7038 23114 100132074 22941 56126 1600 2258 741 1840 56122 2016 2257 56124 56125 57698 90249 5523 747 4435 10048 50944 9463 7046 10371 56130 56131 57463 56132 57580 2823 10018 26153 27124 56135 83992 10497 8927 255738 6506 4208 8925 3912 404037 10381 2045 56141 2044 56142 2042 654429 83741 56144 1740 81565 56147 7844 5789 1627 2290 9247 6653 2055 23542 146760 26012 1630 26011 79955 2047 6405 8829 163404 9139 5453 5454 6664 5455 23314 23316 4916 1400 53335 57498 7869 6538 23768 23648 349667 6792 9024 5463 8851 55083 8292 27445 8293 10579 51286 79977 3157 6546 6666 79739 56978 4142 8620 80823 9394 57030 5590 79048 4137 78999 53358 4139 80031 6692 51738 9048 5362 285016 85508 1678 84668 333 79633 578 89796 8882 8642 4168 63974 27319 57611 54221 3624 81029 1687 2897 57057 107 6457 84894 84530 5800 55558 3746 5803 10446 
FC_ExN_3_GO:0007416~synapse assembly 23768 51738 5021 56130 8292 56131 27445 56132 57463 351 2823 23284 2047 92737 8927 2045 80823 654429 22941 23316 56126 4916 56122 56125 5789 6712 1826 
FC_ExN_3_GO:0007610~behavior 5021 1141 57144 1140 55084 22876 351 56172 596 434 51286 23284 8648 7436 6622 6900 4326 6506 4923 4208 7057 80823 5270 57030 5590 1268 4137 53358 6712 1826 10347 51738 29801 23542 55342 26053 774 84502 814 3776 10752 7111 9610 4761 6543 3156 83715 100132074 22941 23316 1600 2258 2059 2334 2257 55236 2894 107 109 5803 50944 
FC_ExN_3_GO:0007613~memory 5021 9610 6543 1141 57144 100132074 22941 57030 23316 5590 2258 1268 107 7436 3776 814 10347 50944 
FC_ExN_3_GO:0022008~neurogenesis 7046 9463 10371 388552 57463 374946 22876 351 57580 2823 57622 56896 26153 596 85414 27124 23284 23043 92737 8648 7436 9856 10893 6900 255738 4208 8408 8925 3912 10381 2045 2044 2042 654429 5270 2796 81565 4610 5789 4613 1627 7224 9247 6653 23542 146760 26012 1630 26011 79955 2047 4741 5830 9639 6405 10752 816 8829 10512 6925 163404 9139 5453 3792 5454 4761 6664 9890 23314 23316 4916 1400 53335 57498 55236 1002 1808 6812 4756 7869 83482 1009 23768 349667 9024 6792 8851 55083 114787 1141 57540 6709 57662 51286 1496 56978 221914 4781 80823 23136 9394 5590 79048 1268 4137 78999 4139 6712 1826 80031 10500 6692 51738 9048 5362 285016 85508 57688 2009 1952 1951 81551 79633 10397 137970 89796 6604 8882 65078 91584 92558 6860 4684 8642 4168 23114 27319 100132074 57611 3624 1600 81029 1687 1840 2258 2016 57057 741 57698 107 90249 5523 84894 747 55558 5800 10048 5803 10446 50944 
FC_ExN_3_GO:0030182~neuron differentiation 7046 9463 10371 388552 57463 374946 22876 351 57580 2823 57622 56896 26153 596 27124 23043 8648 7436 9856 6900 255738 4208 8408 8925 3912 10381 2045 2044 2042 654429 81565 4610 5789 4613 1627 7224 23542 146760 26012 1630 26011 79955 2047 4741 5830 6405 10752 816 8829 10512 6925 163404 9139 3792 5454 4761 6664 9890 23314 23316 4916 1400 53335 57498 55236 1002 1808 6812 4756 7869 1009 23768 349667 9024 6792 8851 55083 114787 1141 57540 6709 57662 51286 1496 221914 4781 80823 23136 9394 5590 79048 1268 4137 78999 6712 1826 80031 10500 51738 9048 5362 285016 57688 1952 1951 81551 79633 137970 8882 65078 91584 92558 6860 4684 4168 23114 100132074 57611 3624 1600 81029 1687 1840 2258 2016 57057 57698 107 90249 5523 84894 55558 5800 10048 5803 10446 50944 
FC_ExN_3_GO:0030516~regulation of axon extension 5362 91584 6792 65078 7224 8851 10371 374946 57611 4916 53335 1002 57698 81565 1808 4137 6405 55558 1826 8829 7869 80031 10512 10500 
FC_ExN_3_GO:0031175~neuron projection development 10371 388552 57463 374946 22876 351 57580 2823 57622 56896 26153 596 27124 23043 7436 9856 6900 4208 8408 8925 3912 10381 2045 2044 2042 654429 81565 5789 1627 7224 23542 146760 26012 1630 2047 4741 6405 10752 816 8829 10512 163404 9139 3792 5454 9890 23316 4916 1400 53335 57498 55236 1002 1808 6812 4756 7869 1009 23768 349667 9024 6792 8851 55083 114787 1141 6709 57662 1496 4781 80823 23136 5590 1268 4137 78999 6712 1826 80031 10500 51738 9048 5362 285016 57688 1952 1951 81551 137970 8882 65078 91584 92558 6860 4684 4168 23114 100132074 57611 1600 2258 2016 57698 107 90249 84894 55558 5800 10048 5803 10446 50944 
FC_ExN_3_GO:0034762~regulation of transmembrane transport 5144 65268 23542 2273 57463 150 1181 596 774 610 84502 777 6546 6622 255738 104909134 3757 4208 4923 5350 7057 9992 375346 3792 285966 1394 56660 781 169522 287 57657 27075 785 2257 8912 3785 10021 55917 4878 3767 56704 3746 50944 
FC_ExN_3_GO:0042391~regulation of membrane potential 51738 9783 7224 1141 23542 2273 1140 2767 596 55022 774 610 578 777 6546 6622 10497 3776 3757 4208 4923 6804 2901 5350 9992 8620 56660 480 57030 23316 5590 781 1525 287 3728 57657 785 2258 1268 2257 23593 8912 10021 4878 3767 6714 50944 
FC_ExN_3_GO:0043269~regulation of ion transport 5144 2273 57463 150 79570 1181 596 117 6546 6622 255738 3757 4923 4208 5350 7057 9992 375346 285966 1394 56660 5270 169522 287 1268 116444 10021 3767 56704 65268 23542 774 610 84502 578 777 104909134 816 3792 162514 154215 781 57657 27075 785 2257 1808 8912 3785 4878 3746 50944 
FC_ExN_3_GO:0048666~neuron development 9463 10371 388552 57463 374946 22876 351 57580 2823 57622 56896 26153 596 27124 23043 7436 9856 6900 4208 8408 8925 3912 10381 2045 2044 2042 654429 81565 5789 1627 7224 23542 146760 26012 1630 26011 79955 2047 4741 6405 10752 816 8829 10512 163404 9139 3792 5454 4761 9890 23316 4916 1400 53335 57498 55236 1002 1808 6812 4756 7869 1009 23768 349667 9024 6792 8851 55083 114787 1141 6709 57662 1496 4781 80823 23136 9394 5590 79048 1268 4137 78999 6712 1826 80031 10500 51738 9048 5362 285016 57688 1952 1951 81551 79633 137970 8882 65078 91584 92558 6860 4684 4168 23114 100132074 57611 1600 2258 2016 57698 107 90249 84894 55558 5800 10048 5803 10446 50944 
FC_ExN_3_GO:0048667~cell morphogenesis involved in neuron differentiation 23768 6792 9024 8851 10371 55083 1141 57463 374946 351 57622 56896 26153 596 6709 1496 7436 6900 8408 4208 10381 4781 2045 2044 80823 654429 81565 78999 4137 5789 6712 1826 80031 10500 9048 5362 7224 23542 1952 1951 1630 79955 2047 6405 137970 10752 816 8829 10512 65078 91584 3792 4684 23114 9890 23316 57611 4916 1600 2258 1400 57498 53335 1002 57698 1808 107 90249 6812 84894 55558 5800 4756 10048 7869 5803 10446 50944 1009 
FC_ExN_3_GO:0050803~regulation of synapse structure or activity 23768 51738 5021 9463 8292 1141 57463 351 26012 23284 84502 2047 1496 6622 10497 6900 57406 816 4208 8541 9610 4684 4761 6543 2045 80823 654429 5270 22941 23316 5590 4916 6812 1627 
FC_ExN_3_GO:0050804~modulation of synaptic transmission 5021 9463 9783 2770 1141 23542 26012 84502 6622 10497 6900 57406 816 4208 4923 6804 2901 8541 9610 4684 4761 6543 5334 5270 22941 23316 5590 2897 1268 6853 6812 1627 50944 
FC_ExN_3_GO:0050808~synapse organization 23768 51738 5021 56130 8292 56131 27445 1141 56132 1140 57463 351 2823 23284 2047 1496 92737 6622 10497 6900 8927 816 4208 4761 6620 2045 80823 23114 654429 22941 23316 56126 4916 785 56122 80059 56125 10243 5789 6712 1826 50944 
FC_ExN_3_GO:0061564~axon development 23768 349667 6792 9024 8851 10371 55083 1141 57463 374946 22876 351 57622 56896 26153 596 6709 1496 6900 8408 10381 4781 2045 2044 2042 654429 1268 81565 78999 4137 6712 1826 80031 10500 9048 5362 7224 146760 1951 1630 2047 4741 6405 137970 10752 8829 10512 8882 65078 91584 3792 4684 23114 9890 57611 4916 1600 2258 1400 53335 1002 57698 1808 107 90249 6812 84894 55558 5800 4756 10048 7869 5803 10446 1009 
FC_ExN_3_GO:0099536~synaptic signaling 5021 9463 9783 9228 8499 56130 8292 27445 56131 1141 56132 1140 57622 2742 10815 6622 10497 6900 8927 6506 4923 54716 4208 2901 8541 285242 8620 5270 57030 5590 1268 1740 78999 53358 5789 1627 51738 2770 2054 23542 2570 774 26012 84502 777 8825 5799 1837 57406 816 6804 9892 6860 9610 4761 4684 6543 5334 6620 22941 23316 56126 2897 785 56122 2257 56125 6853 3785 6812 6538 5802 50944 
FC_ExN_4_GO:0001764~neuron migration 6792 6695 10371 3084 55079 4915 1600 4916 26012 1630 10718 3675 9856 6900 10752 4208 1812 
FC_ExN_4_GO:0006836~neurotransmitter transport 8497 148281 22859 22871 440279 9162 6809 27163 774 83851 57586 140730 6622 8448 5799 1815 4208 6804 1812 2901 9751 6861 6860 7476 8447 9379 81539 6580 57030 320 3749 55117 1103 84258 6854 6536 6616 41 
FC_ExN_4_GO:0007156~homophilic cell adhesion via plasma membrane adhesion molecules 1000 6092 2196 222256 25945 56138 79633 56135 56113 57863 1012 10873 221935 9752 1010 56142 64405 56126 56105 56144 57453 56147 1001 347902 55714 1826 56108 1824 64084 54825 199731 
FC_ExN_4_GO:0007186~G-protein coupled receptor signaling pathway 9463 128674 5741 124274 152 153 83756 111 552 2743 83873 2742 284339 84687 2861 8527 10692 6622 4886 6900 50632 11343 1815 2826 4923 1812 81491 114815 94235 5032 9397 4142 131890 6000 5475 2561 80036 2911 2559 2558 2556 26245 83985 887 9628 5468 408 2915 2913 2835 2912 51617 401190 22859 9568 4157 1363 8590 9162 23228 6370 3061 2845 134 2567 2566 576 2565 1113 6447 57406 4987 11248 9213 9456 4883 2899 115330 57211 2774 2850 107 2859 10886 
FC_ExN_4_GO:0007399~nervous system development 9742 23287 388552 22871 8091 221322 118427 144165 3084 596 57624 23040 84687 85414 23043 51761 10891 7436 9856 6900 57626 10653 9751 94235 5274 2562 2561 54361 2558 2674 60484 4613 4978 7224 22859 1000 491 134 6809 4862 3897 10752 816 818 8440 348980 7477 7476 4761 221336 9890 10769 79789 8437 11178 40 43 11141 161497 440730 7480 152 10978 51440 4884 3675 8448 55800 2902 1812 54715 9315 4781 93986 339451 64405 23136 1272 1271 23017 2119 288 2115 29116 25791 4774 6710 1827 1826 1946 10501 64084 1944 65981 5087 4674 26052 2009 10716 10718 4664 4301 10397 6604 221935 65078 9211 6860 92558 4684 57451 23114 8482 100132074 22941 81544 56126 57699 1600 2259 57453 741 84258 57211 2256 90249 55714 340533 6616 8013 9463 10251 10371 26037 25987 7162 56138 26153 56135 83992 11344 5414 255738 4208 7732 2045 56142 654429 1501 1742 56144 1740 56147 5789 140767 2290 161357 64218 6092 9362 114569 146760 6096 1756 3815 79953 56034 26012 1630 2047 2046 8704 8822 6405 6526 10479 4901 124925 7077 6660 163404 9379 3398 1767 10129 3705 55079 4915 4916 53335 50863 7504 158067 23768 23648 349667 5582 6792 7881 23529 374462 9148 4135 9143 10458 552 2743 4808 2629 56978 3714 4142 57030 5590 320 64919 29993 51057 347902 5468 80031 57715 139065 5361 6695 9723 6456 57282 10678 576 79633 6326 6446 8745 140733 6327 89797 5911 9839 57728 5013 6585 4168 8522 80725 57611 57731 107 6457 30837 84530 
FC_ExN_4_GO:0007416~synapse assembly 23768 22859 11141 1000 6092 22871 3084 7162 26052 576 79953 2047 1812 221935 7476 6585 9379 2045 654429 22941 56126 4915 4916 347902 5789 1826 40 1946 139065 64084 43 
FC_ExN_4_GO:0007610~behavior 8013 5581 5582 7881 23287 22871 112609 57144 3084 55084 111 1139 552 596 2743 1137 4808 84687 478 2861 51761 5577 7436 3675 6622 4886 6900 1815 57626 2904 4923 2902 4208 1812 7057 94235 93986 6323 1271 57030 5590 2119 2911 320 2558 1742 2115 148523 887 5621 1826 2915 10347 491 25769 57282 9162 3061 3815 134 26053 2566 774 10716 10396 8704 6446 89797 10752 4987 124925 221935 4761 9379 9456 6543 3398 9099 100132074 22941 55079 4915 10769 1600 57338 57731 107 6616 41 
FC_ExN_4_GO:0007613~memory 6543 57144 25769 100132074 22941 57030 5590 1139 10769 57338 478 107 8704 7436 6446 3675 41 10347 2902 1812 
FC_ExN_4_GO:0021872~forebrain generation of neurons 55079 64919 10716 6585 10371 6900 6092 57282 1812 
FC_ExN_4_GO:0022008~neurogenesis 8013 9463 10251 9742 10371 23287 26037 388552 22871 8091 118427 25987 3084 57624 26153 596 85414 84687 23043 51761 7436 11344 9856 6900 57626 255738 4208 9751 7732 2562 2045 2561 54361 654429 2558 1501 1742 5789 4613 4978 7224 161357 1000 6092 64218 9362 491 146760 6096 1756 3815 6809 26012 1630 2047 2046 6405 3897 10752 816 4901 10479 124925 7077 8440 6660 348980 7477 163404 7476 4761 3398 221336 9890 10129 55079 4915 10769 4916 53335 79789 8437 7504 11178 50863 23768 349667 6792 23529 374462 9148 4135 11141 440730 161497 7480 152 10458 4884 3675 2629 56978 2902 1812 3714 9315 4781 23136 1272 23017 5590 2119 288 64919 2115 25791 29993 51057 6710 5468 1826 57715 1946 80031 10501 139065 1944 5361 65981 5087 6695 9723 4674 57282 26052 2009 10678 10716 79633 10718 4664 4301 6446 10397 5911 6604 221935 65078 9211 92558 6585 6860 4684 4168 80725 57451 23114 8482 100132074 57611 57699 81544 1600 84258 57453 57211 741 57731 107 90249 55714 30837 6616 
FC_ExN_4_GO:0030182~neuron differentiation 8013 9463 10251 9742 10371 23287 26037 388552 22871 118427 25987 3084 57624 26153 596 84687 23043 51761 7436 11344 9856 6900 57626 255738 4208 9751 7732 2562 2045 2561 54361 654429 2558 1501 1742 5789 4613 4978 7224 161357 6092 64218 9362 491 146760 6096 1756 6809 26012 1630 2047 2046 6405 3897 10752 816 4901 10479 124925 7077 8440 348980 7477 163404 7476 4761 3398 221336 9890 10129 55079 4915 10769 4916 53335 79789 8437 7504 11178 50863 23768 349667 6792 374462 9148 4135 11141 440730 161497 7480 152 10458 4884 3675 2629 2902 1812 3714 9315 4781 23136 1272 23017 5590 2119 288 64919 2115 25791 29993 51057 6710 1826 57715 1946 80031 10501 139065 1944 5361 65981 5087 6695 9723 4674 57282 26052 10678 10716 79633 6446 5911 221935 65078 9211 92558 6585 6860 4684 4168 80725 57451 23114 8482 100132074 57611 57699 81544 1600 84258 57453 57731 107 90249 55714 6616 
FC_ExN_4_GO:0030516~regulation of axon extension 5361 6792 65078 7224 9723 10371 64218 8482 3084 57611 4916 53335 6405 11344 3897 1826 57715 80031 10501 
FC_ExN_4_GO:0031175~neuron projection development 8013 10251 10371 26037 388552 22871 25987 3084 57624 26153 596 84687 23043 51761 7436 11344 9856 6900 57626 4208 2045 654429 1501 1742 5789 7224 6092 64218 9362 146760 1756 6809 26012 1630 2047 2046 6405 3897 10752 816 10479 124925 8440 7477 163404 7476 9890 10129 55079 4915 10769 4916 53335 79789 8437 7504 11178 23768 349667 6792 9148 4135 11141 440730 10458 4884 3675 2629 2902 9315 4781 23136 1272 5590 288 64919 2115 25791 29993 6710 1826 57715 1946 80031 10501 139065 1944 5361 65981 6695 9723 26052 10678 10716 6446 5911 221935 65078 9211 92558 6585 6860 4684 4168 80725 57451 23114 8482 100132074 57611 57699 81544 1600 84258 57453 57731 107 90249 55714 
FC_ExN_4_GO:0034762~regulation of transmembrane transport 5581 7881 3760 3761 22871 59283 1183 388591 596 57620 10891 6622 55800 1815 3755 30820 255738 57628 3757 4923 4208 1812 729993 23416 7057 9992 6323 23171 288 486 1742 5621 3767 3768 6330 3781 1756 56479 3739 774 777 6326 6327 4987 3778 6262 348980 6588 9456 3749 57338 27075 2259 785 55799 8912 8913 40 2859 10368 
FC_ExN_4_GO:0042391~regulation of membrane potential 3760 6511 116369 22871 1262 388591 1139 596 2743 476 1137 478 6622 55800 1815 2629 3757 4923 2902 4208 1812 2901 23416 9992 6323 2562 57030 5590 23171 288 1742 3767 1824 6330 7224 3781 9162 1756 134 774 777 140730 6326 3775 6327 3778 51305 6804 124925 6262 11094 348980 7476 5172 1525 2899 2259 785 8912 8913 40 41 
FC_ExN_4_GO:0043269~regulation of ion transport 5581 7881 3760 3761 22871 59283 1183 388591 79570 552 596 476 57620 10891 53822 6622 55800 1815 3755 30820 255738 57628 3757 4923 4208 1812 729993 23416 150094 7057 9992 6323 1272 23171 288 486 79400 1742 5621 6833 3767 3768 6330 3781 491 1756 56479 134 3739 774 777 6326 6446 9914 6327 4987 816 3778 818 6262 348980 6588 9456 3749 57338 27075 2259 785 55799 57731 8912 8913 40 2859 10368 
FC_ExN_4_GO:0048666~neuron development 8013 9463 10251 9742 10371 26037 388552 22871 118427 25987 3084 57624 26153 596 84687 23043 51761 7436 11344 9856 6900 57626 4208 2562 2045 2561 654429 2558 1501 1742 5789 4978 7224 6092 64218 9362 491 146760 6096 1756 6809 26012 1630 2047 2046 6405 3897 10752 816 4901 10479 124925 8440 348980 7477 163404 7476 4761 3398 9890 10129 55079 4915 10769 4916 53335 79789 8437 7504 11178 50863 23768 349667 6792 374462 9148 4135 11141 440730 161497 10458 4884 3675 2629 2902 1812 9315 4781 23136 1272 5590 288 64919 2115 25791 29993 51057 6710 1826 57715 1946 80031 10501 139065 1944 5361 65981 6695 9723 57282 26052 10678 10716 79633 6446 5911 221935 65078 9211 92558 6585 6860 4684 4168 80725 57451 23114 8482 100132074 57611 57699 81544 1600 84258 57453 57731 107 90249 55714 
FC_ExN_4_GO:0048667~cell morphogenesis involved in neuron differentiation 8013 23768 6792 374462 10371 11141 4135 26037 22871 161497 25987 3084 10458 26153 596 51761 4884 7436 11344 6900 4208 4781 2045 654429 64919 288 1501 1742 2115 25791 51057 6710 5789 1826 1946 80031 57715 10501 139065 1944 5361 65981 7224 9723 6092 64218 491 26052 10678 10716 1630 2047 2046 6405 3897 10752 816 10479 65078 9211 7476 6585 4684 3398 80725 57451 23114 8482 9890 57611 55079 4915 4916 1600 57453 53335 57731 107 90249 7504 
FC_ExN_4_GO:0050803~regulation of synapse structure or activity 23768 9463 9148 26037 22871 7162 10458 6622 6900 2902 4208 1812 729993 2045 392862 729956 654429 5590 2119 1742 23096 388336 347902 2915 1946 139065 64084 22859 1000 6092 491 25769 9162 3815 134 6809 26012 576 79953 2047 9758 57406 816 7476 6585 64101 4761 4684 6543 22941 4915 10769 4916 57338 2259 11178 40 6616 
FC_ExN_4_GO:0050804~modulation of synaptic transmission 5581 9463 9148 26037 22871 10458 1139 84687 6622 6900 1815 4923 2902 4208 1812 2901 729993 392862 729956 5590 2911 1742 23096 388336 2915 2913 64084 2912 491 25769 9162 23228 3815 134 6809 26012 140730 57406 816 6804 9211 7476 4761 4684 6543 22941 3749 4915 2899 10769 57338 2259 11178 6616 41 43 
FC_ExN_4_GO:0050808~synapse organization 23768 9148 11141 22871 3084 7162 2743 6622 6900 2902 4208 1812 2045 654429 2119 288 1501 1742 4774 347902 5789 1826 1946 139065 64084 22859 9723 1000 6092 491 26052 576 79953 2047 9758 816 10479 124925 221935 7477 7476 6585 64101 4761 9379 23114 22941 56126 4915 4916 785 40 43 
FC_ExN_4_GO:0061564~axon development 8013 23768 349667 6792 10251 10371 25987 3084 10458 26153 596 51761 4884 11344 6900 4781 9315 2045 654429 64919 288 2115 6710 1826 1946 80031 57715 10501 139065 1944 5361 7224 9723 6092 64218 146760 10678 10716 1630 2047 2046 6405 3897 10752 10479 65078 9211 7476 6585 4684 57451 23114 8482 9890 57611 55079 4915 4916 1600 57453 53335 57731 107 90249 7504 
FC_ExN_4_GO:0099536~synaptic signaling 8497 9463 6511 26037 22871 57586 6622 6900 4208 9751 729993 2562 2561 2558 1742 1103 1740 5789 22859 440279 9362 491 3815 134 6809 2566 774 26012 2565 777 5799 57406 4987 816 6804 124925 7476 8447 4761 9379 6543 4915 10769 785 6536 11178 40 41 10886 43 5581 148281 5582 9148 1139 10458 27163 1137 2743 2742 4884 8448 1815 2904 4923 2902 1812 2901 729956 392862 57030 5590 2119 2911 320 23096 388336 2915 2913 64084 2912 9568 2892 2891 25769 9162 23228 3061 56479 83851 140730 6327 9211 6861 6860 4684 9456 22941 56126 2899 3749 57338 2259 84258 6854 8913 6616 
GE_InN_2_GO:0001764~neuron migration 6792 6695 7080 2066 7291 26468 460 170302 1951 4929 1641 6656 4897 347733 
GE_InN_2_GO:0007156~homophilic cell adhesion via plasma membrane adhesion molecules 56131 56132 56138 56139 1951 56113 56114 9752 5097 5098 8642 56143 56121 51294 56126 27253 56129 56107 56144 57453 56122 56145 56146 26025 56124 56125 1824 199731 
GE_InN_2_GO:0007399~nervous system development 10370 9745 5146 56131 56132 26039 9181 144165 23327 473 56138 27242 57624 56139 57465 1454 10938 3993 10497 79816 10498 10014 3912 9114 221955 10381 9118 8543 18 11075 166614 2044 22882 7291 51090 56143 3925 79885 56144 1741 56145 56146 7844 55219 8536 1627 79809 1746 8399 7224 9369 8153 1996 6929 1750 9638 8826 6925 124925 8440 9497 5179 5454 6664 2066 59277 23316 7074 1400 57497 2334 53335 1641 54664 6656 1808 85300 84298 50861 55636 11178 10642 7903 6659 83482 5063 4131 9024 6792 5066 10570 5587 7080 1141 1258 27443 4929 1136 5456 9935 5457 3796 140679 3798 8609 8861 221914 23418 8463 9315 4661 8620 285527 65979 64805 145581 51294 1943 1789 1028 64919 2115 57795 23098 29114 2596 29993 5864 4897 60 5623 1827 1946 80031 10500 23108 5362 5364 8997 6695 50807 9448 4035 8874 2254 3066 55384 2250 170302 1951 347733 140735 9839 5097 91584 9211 10160 8128 4045 4684 8642 56121 26468 100132074 460 55553 56126 51195 2138 56122 57453 741 80853 56124 126731 56125 140467 3984 55558 84530 10683 5528 2539 
GE_InN_2_GO:0021872~forebrain generation of neurons 170302 64919 1641 166614 6656 5456 7080 2066 26468 55558 1746 
GE_InN_2_GO:0022008~neurogenesis 9745 5146 26039 9181 23327 473 27242 57624 57465 1454 10938 3993 79816 10498 10014 3912 221955 10381 8543 11075 166614 2044 22882 7291 3925 79885 8536 1627 1746 8399 7224 9369 8153 1996 6929 9638 8826 6925 124925 8440 9497 5179 5454 6664 2066 59277 23316 7074 1400 57497 53335 1641 54664 6656 1808 85300 84298 50861 55636 11178 6659 83482 5063 4131 9024 6792 10570 5587 7080 1141 1258 27443 4929 1136 5456 5457 3798 8609 8861 221914 23418 9315 285527 64805 145581 51294 1943 1789 1028 64919 2115 57795 23098 2596 29993 5864 4897 1946 80031 10500 23108 5362 5364 8997 6695 50807 9448 4035 3066 55384 2250 170302 1951 347733 140735 91584 9211 10160 4684 8642 26468 100132074 460 55553 2138 57453 741 126731 3984 55558 10683 
GE_InN_2_GO:0030182~neuron differentiation 9745 5146 26039 23327 473 57624 57465 1454 10938 79816 10498 10014 3912 10381 8543 11075 166614 2044 22882 3925 8536 1627 1746 8399 7224 9369 8153 1996 6929 9638 8826 6925 124925 8440 9497 5454 6664 2066 59277 23316 7074 1400 57497 53335 1641 54664 6656 1808 85300 84298 50861 11178 6659 5063 4131 9024 6792 10570 5587 7080 1141 1258 27443 4929 1136 5456 5457 3798 8609 8861 221914 23418 9315 285527 145581 51294 1943 1789 1028 64919 2115 57795 23098 2596 29993 5864 4897 1946 80031 10500 23108 5362 5364 8997 6695 50807 9448 4035 3066 55384 170302 1951 140735 91584 9211 10160 4684 26468 100132074 2138 57453 126731 3984 55558 
GE_InN_2_GO:0030516~regulation of axon extension 5362 91584 4131 6792 7224 53335 1808 3984 4897 55558 80031 10500 
GE_InN_2_GO:0031175~neuron projection development 5063 6792 4131 9024 10570 5587 7080 1141 26039 23327 473 57624 4929 1136 57465 10938 5457 3798 10498 8609 3912 10381 9315 11075 2044 285527 145581 1943 3925 64919 2115 23098 2596 29993 5864 4897 8536 1946 80031 1627 10500 23108 8399 5362 7224 5364 8997 6695 9448 50807 4035 9369 3066 55384 8153 170302 1996 1951 9638 8826 124925 8440 91584 9211 10160 4684 5454 59277 100132074 23316 7074 57497 57453 1400 53335 1641 54664 1808 85300 84298 50861 3984 55558 11178 
GE_InN_2_GO:0048666~neuron development 5063 6792 4131 9024 5146 10570 5587 7080 1141 26039 23327 473 57624 1258 27443 4929 1136 57465 10938 5457 3798 10498 8609 3912 23418 10381 9315 11075 166614 2044 285527 145581 1943 51294 3925 1028 64919 2115 23098 2596 29993 5864 4897 8536 1946 80031 1627 10500 23108 8399 5362 7224 5364 8997 6695 9448 50807 4035 9369 3066 55384 8153 170302 1996 1951 9638 140735 8826 124925 8440 9497 91584 9211 10160 4684 5454 59277 26468 100132074 23316 7074 57497 57453 1400 53335 1641 54664 126731 6656 1808 85300 84298 50861 3984 55558 11178 
GE_InN_2_GO:0048667~cell morphogenesis involved in neuron differentiation 5063 6792 4131 9024 7080 1141 26039 473 4929 5457 3798 8609 10381 2044 145581 1943 3925 64919 2115 2596 5864 4897 1946 80031 10500 8399 5362 7224 5364 8997 9369 55384 8153 170302 1996 1951 9638 91584 9211 10160 4684 59277 23316 7074 57497 57453 1400 53335 1641 54664 1808 3984 55558 
GE_InN_2_GO:0061564~axon development 5063 8399 5362 9024 6792 4131 5364 7224 9369 7080 1141 55384 8153 170302 1951 4929 9638 5457 3798 8609 91584 9211 10381 9315 4684 2044 59277 7074 145581 1943 3925 64919 2115 57497 57453 1400 53335 1641 2596 1808 5864 3984 4897 55558 1946 80031 10500 
GE_InN_2_GO:0099536~synaptic signaling 9228 6750 56131 1141 56132 2900 1136 11188 5413 10497 140679 3798 5217 8620 18 145581 27253 1741 5864 1627 8618 8398 3780 8997 9369 2892 2572 2054 2571 2890 9162 4985 7416 124925 9211 5179 4684 5334 23551 23237 23316 56126 57338 57497 56122 56125 2893 4359 11178 5802 
Hipp_ExN_3_GO:0001764~neuron migration 8851 200933 23314 2260 266727 55079 1951 4929 58158 26012 1641 885 1630 84623 4137 10752 8828 8829 
Hipp_ExN_3_GO:0007156~homophilic cell adhesion via plasma membrane adhesion molecules 56130 56131 56132 56137 1952 1951 56133 79633 84623 56136 57549 64881 92211 5310 8642 1008 56126 56105 56127 56107 57453 56123 26167 64084 54825 
Hipp_ExN_3_GO:0007399~nervous system development 9745 8775 6598 9181 374946 56896 57622 23040 79414 84687 58158 84446 54910 3996 8408 30813 51412 4610 55219 4613 10300 11281 7224 23026 55582 83933 4862 10752 4745 57408 10512 6925 8322 8320 4760 4761 9890 22865 2334 23154 85300 3785 53615 84570 5063 5064 4893 114787 1141 57540 10978 57662 4884 57549 2903 2902 54715 221914 4781 339451 126520 94030 494470 23135 3208 5629 288 26086 10507 25791 4774 5864 1949 5623 6712 1827 7804 51339 10501 64084 10500 8110 7025 2254 6609 2009 1952 1951 81551 10716 5753 22809 137970 6606 10280 4681 50937 91584 2263 23114 8482 2260 100132074 56126 56127 57216 2018 57453 84258 1840 2016 56123 126731 340419 55715 90249 1608 747 627 2937 5526 7704 10842 55959 1967 8013 7046 4693 6752 56130 56131 27005 56132 25987 23327 56133 83992 79816 6506 1857 3912 9355 26609 158038 5310 2045 2043 654429 220074 26045 27257 885 26167 56949 7849 219527 2290 29882 2049 79953 55502 26012 1630 4908 26011 84623 8828 8829 4900 124925 9378 163404 6664 6422 200933 29777 9253 23314 266727 55079 1400 1641 7504 6659 56848 23769 349667 7881 8851 374462 9148 55083 8175 23767 26470 4807 4929 6666 54437 6547 10210 2629 56978 9037 4142 63950 340719 118738 57030 5590 1789 64919 686 566 51299 4137 53358 84630 5362 64377 8997 85508 57282 5916 333 576 79633 6327 84662 8507 9839 8882 6586 100532736 5013 8642 63974 63973 27319 57611 81029 80055 1445 8516 30837 5800 5803 2539 
Hipp_ExN_3_GO:0007416~synapse assembly 23769 56130 56131 56132 23767 576 2049 56133 79953 84623 57408 9378 158038 2045 94030 200933 654429 22865 56126 56127 26045 56123 26167 627 6712 64084 
Hipp_ExN_3_GO:0007610~behavior 8013 5581 7881 1143 1141 56172 26470 111 1138 4929 84687 4885 6547 2904 6506 2903 4923 2902 7057 93145 63951 2043 57030 5590 885 4137 1949 846 53358 6712 7067 8997 57282 3061 55585 10716 84623 4985 10752 4900 124925 8322 9378 4761 100132074 55079 57338 2334 8516 9607 5803 
Hipp_ExN_3_GO:0021872~forebrain generation of neurons 6586 2263 9253 23314 2260 57282 5629 55079 64919 10716 1641 22809 8828 8829 
Hipp_ExN_3_GO:0022008~neurogenesis 8013 7046 9745 8775 27005 9181 25987 374946 23327 57622 56896 58158 79414 84687 84446 54910 79816 3996 8408 3912 9355 158038 2045 2043 654429 220074 885 27257 30813 4610 4613 10300 219527 7224 29882 83933 2049 26012 4908 1630 26011 84623 10752 8828 8829 10512 6925 124925 8322 9378 8320 163404 4760 4761 6664 6422 200933 29777 9890 23314 9253 266727 22865 55079 1400 1641 23154 85300 7504 6659 84570 5063 5064 23769 349667 4893 8851 374462 9148 55083 114787 1141 57540 8175 23767 57662 4929 4884 54437 6547 10210 2629 57549 2903 56978 2902 9037 221914 4781 63950 126520 494470 340719 118738 5590 5629 1789 288 64919 10507 566 25791 51299 4137 5864 1949 6712 7804 10501 10500 5362 8997 7025 85508 57282 2009 1952 1951 81551 10716 79633 5753 22809 137970 8507 8882 4681 91584 50937 6586 100532736 8642 63973 2263 23114 8482 27319 2260 100132074 57611 57216 81029 2018 1445 84258 1840 57453 2016 126731 340419 90249 1608 30837 747 627 5800 5526 5803 1967 
Hipp_ExN_3_GO:0030182~neuron differentiation 8013 7046 9745 8775 27005 25987 374946 23327 57622 56896 58158 79414 84687 84446 54910 79816 3996 8408 3912 9355 158038 2045 2043 654429 220074 885 27257 30813 4610 4613 10300 219527 7224 29882 2049 26012 4908 1630 26011 84623 10752 8828 8829 10512 6925 124925 8322 9378 8320 163404 4760 4761 6664 6422 200933 29777 9890 23314 9253 266727 22865 55079 1400 1641 23154 85300 7504 6659 84570 5063 5064 23769 349667 4893 8851 374462 9148 55083 114787 1141 57540 8175 23767 57662 4929 4884 54437 10210 2629 57549 2902 9037 221914 4781 63950 126520 494470 340719 5590 5629 1789 288 64919 10507 25791 51299 4137 5864 1949 6712 7804 10501 10500 5362 8997 7025 57282 1952 1951 81551 10716 79633 5753 22809 137970 8507 8882 4681 91584 50937 6586 100532736 63973 2263 23114 8482 2260 100132074 57611 57216 81029 2018 84258 1840 57453 2016 126731 340419 90249 1608 627 5800 5526 5803 
Hipp_ExN_3_GO:0030516~regulation of axon extension 9037 5362 91584 7224 8851 8482 374946 57611 29882 10507 4137 54437 54910 8829 10501 10512 10500 
Hipp_ExN_3_GO:0031175~neuron projection development 8013 27005 25987 374946 23327 57622 56896 79414 84687 84446 54910 3996 8408 3912 9355 158038 2045 2043 654429 885 10300 219527 7224 29882 2049 26012 4908 1630 84623 10752 8828 8829 10512 124925 9378 163404 200933 9890 9253 22865 55079 1400 1641 23154 85300 7504 84570 5063 5064 23769 349667 4893 8851 9148 55083 114787 1141 8175 23767 57662 4929 4884 54437 2629 57549 2902 9037 4781 126520 494470 5590 288 64919 10507 25791 51299 4137 5864 1949 6712 7804 10501 10500 5362 8997 7025 1952 1951 81551 10716 5753 137970 8507 8882 4681 91584 6586 100532736 2263 23114 8482 2260 100132074 57611 57216 84258 57453 2016 90249 627 5800 5526 5803 
Hipp_ExN_3_GO:0034762~regulation of transmembrane transport 5581 7881 3760 30818 1183 1181 23327 255057 777 6327 104909134 131096 57628 4923 9312 9378 7057 90134 1394 254263 5170 80333 781 288 57338 55799 8912 3785 3763 3786 3765 3767 2539 10105 
Hipp_ExN_3_GO:0042391~regulation of membrane potential 7224 340273 3760 1143 1141 23327 2767 476 27345 777 239 7415 5831 4985 6327 2629 5318 2903 131096 2902 4923 2901 124925 9378 7351 90134 254263 57030 5590 781 2899 288 885 8912 3786 3767 
Hipp_ExN_3_GO:0048666~neuron development 8013 27005 25987 374946 23327 57622 56896 58158 79414 84687 84446 54910 3996 8408 3912 9355 158038 2045 2043 654429 220074 885 30813 10300 219527 7224 29882 2049 26012 4908 1630 26011 84623 10752 8828 8829 10512 124925 9378 163404 4760 4761 200933 9890 9253 22865 55079 1400 1641 23154 85300 7504 84570 5063 5064 23769 349667 4893 8851 374462 9148 55083 114787 1141 8175 23767 57662 4929 4884 54437 10210 2629 57549 2902 9037 4781 126520 494470 340719 5590 288 64919 10507 25791 51299 4137 5864 1949 6712 7804 10501 10500 5362 8997 7025 57282 1952 1951 81551 10716 79633 5753 22809 137970 8507 8882 4681 91584 6586 100532736 2263 23114 8482 2260 100132074 57611 57216 84258 57453 2016 126731 90249 1608 627 5800 5526 5803 
Hipp_ExN_3_GO:0048667~cell morphogenesis involved in neuron differentiation 5063 8013 8851 4893 374462 55083 1141 25987 374946 23767 57622 56896 79414 4929 84446 4884 54437 54910 3996 8408 9355 9037 158038 4781 2045 494470 2043 654429 64919 288 10507 25791 885 4137 5864 1949 6712 7804 10501 10500 219527 5362 7224 8997 29882 1952 1951 2049 10716 1630 137970 10752 8828 8829 10512 9378 91584 6586 2263 200933 23114 8482 9890 9253 22865 57611 57216 55079 57453 1400 1641 90249 5800 7504 627 5803 84570 
Hipp_ExN_3_GO:0050803~regulation of synapse structure or activity 23769 8997 9148 1141 23767 29882 576 2049 79953 26012 6547 9758 57549 2903 4900 57408 2902 9378 158038 4761 2045 94030 654429 22865 5590 57338 26045 23154 5864 627 64084 
Hipp_ExN_3_GO:0050804~modulation of synaptic transmission 5581 8997 9148 8775 1143 1141 29882 84687 26012 27345 5413 6547 2903 4900 2902 4923 2901 9378 4761 5590 2899 57338 26045 23154 5864 7804 64084 2912 
Hipp_ExN_3_GO:0050808~synapse organization 5063 5064 23769 9148 56130 56131 1141 56132 23767 26470 29882 576 2049 56133 79953 84623 9758 57408 2902 124925 9378 158038 4761 6620 2045 94030 200933 23114 654429 22865 56126 56127 288 26045 116442 56123 26167 4774 5864 627 6712 64084 
Hipp_ExN_3_GO:0061564~axon development 5063 8013 349667 8851 4893 55083 1141 25987 374946 23767 57622 56896 79414 4929 84446 4884 54437 54910 3996 8408 9355 9037 158038 4781 2045 494470 2043 654429 64919 288 10507 885 4137 5864 1949 6712 10501 10500 219527 5362 7224 29882 1951 2049 10716 1630 137970 10752 8828 8829 10512 8882 9378 91584 6586 2263 200933 23114 8482 9890 9253 22865 57611 57216 55079 57453 1400 1641 90249 5800 7504 627 5803 84570 
Hipp_ExN_3_GO:0099536~synaptic signaling 5581 148281 9148 8775 6752 1143 56130 56131 1141 56132 94122 57622 1138 2742 79414 56133 84446 4884 4885 5413 6547 2904 6506 2903 4923 2902 2901 254263 57030 5590 26045 26167 5864 9229 53358 84073 64084 2912 3780 8997 2891 246329 3061 29882 26012 27345 777 4985 6327 4900 124925 9378 4761 6620 56126 56127 2899 57338 84258 56123 23154 3785 3786 5802 9607 
Hipp_ExN_5_GO:0001764~neuron migration 6792 6695 8851 3084 23380 1951 26012 1630 84623 3675 9856 10752 8828 8829 1813 8941 2260 9693 266727 55079 4916 2258 653464 84892 4137 4139 
Hipp_ExN_5_GO:0006836~neurotransmitter transport 8497 8541 148281 6860 9379 1143 57030 320 6809 84258 27345 6854 5413 6534 6622 5799 11255 2914 1813 8618 6804 2901 
Hipp_ExN_5_GO:0007156~homophilic cell adhesion via plasma membrane adhesion molecules 56130 56131 56132 222256 56137 1952 5818 1951 57526 79633 84623 57863 56136 57549 64881 8642 56126 1007 56127 56107 57453 1002 56124 1001 1826 64084 54825 
Hipp_ExN_5_GO:0007186~G-protein coupled receptor signaling pathway 5064 128674 8851 392138 150 3360 6272 111 80045 2743 3358 2863 2742 84687 117 6622 4887 4889 1813 4923 2868 81491 4142 57191 6000 7852 1394 80036 57512 566 846 51655 2916 408 10267 6714 2914 2835 7849 2912 51617 9568 1363 2570 338755 3061 2569 2767 134 1952 1951 333 2566 576 11245 4986 104909134 346525 11248 5173 8326 8324 5334 64106 9293 59352 27239 9170 9693 54584 2811 2774 2850 10563 1608 11255 9607 117195 
Hipp_ExN_5_GO:0007399~nervous system development 64399 91653 9742 30819 374946 3084 351 56896 57622 5818 23040 84687 23043 9856 8646 8408 8660 2675 4610 10300 7224 23026 134 6809 23380 57526 83933 4862 10752 4745 57408 10512 6925 7474 8326 4761 8324 59277 9890 22865 2334 1002 85300 3785 40 84570 5063 7483 5064 1141 57540 440730 10978 57662 4884 3675 55800 57549 2903 1813 2902 54715 221914 4781 339451 126520 23135 2119 3208 287 288 10507 10509 4774 5623 6712 1827 7804 51339 1826 6714 10501 64084 10500 23108 7143 8110 5087 4671 2254 57688 2009 1952 1951 10716 5754 140578 4681 50937 9211 6860 57451 2263 23114 8482 2260 9693 100132074 56126 56127 57216 2018 2259 10603 57453 2258 84258 1840 2016 56124 340419 55715 90249 1608 7704 55959 50944 8013 7046 56130 56131 56132 25987 27124 1056 85377 83992 79816 3912 9355 158038 8820 8941 5796 7852 2043 654429 57118 54886 1740 653464 7849 219527 2290 64218 23542 3815 2049 56034 411 26012 1630 4908 26011 84623 655 2047 7975 6526 8828 8829 4900 124925 163404 9379 266727 79143 55079 4916 57497 1400 50863 7504 23768 23769 349667 6792 7881 23529 8851 374462 91851 55083 23767 79971 26470 10579 2743 6546 6666 54437 6547 56978 8609 4142 57030 320 566 4137 53358 4139 10100 57715 5362 6695 8997 9723 84668 333 576 79633 8626 6446 8507 10677 9839 375567 6586 100532736 9855 4045 8642 63974 63973 27319 57611 57731 84892 6457 84894 5800 10565 3746 10446 
Hipp_ExN_5_GO:0007416~synapse assembly 23768 23769 56130 56131 56132 3084 23767 351 576 2049 84623 2047 1056 57408 1813 158038 7474 9379 654429 22865 56126 56127 4916 6712 1826 40 64084 
Hipp_ExN_5_GO:0007610~behavior 8013 5581 7881 1143 1141 3084 351 56172 26470 111 1138 2743 1137 3358 84687 51168 4885 3675 6622 6547 4887 2904 4889 2903 1813 4923 2902 2043 57030 2119 320 4137 846 53358 6712 2916 1826 7143 8997 2890 23542 25769 3061 3815 134 81832 2566 10716 84623 84502 6446 4986 10752 4900 124925 7111 8326 4045 4761 9379 9293 100132074 57578 55079 54584 57338 2258 2334 57731 9607 50944 84251 
Hipp_ExN_5_GO:0007613~memory 8997 2890 1141 25769 100132074 57030 81832 57338 2258 6446 3675 6547 2903 1813 2902 50944 
Hipp_ExN_5_GO:0021872~forebrain generation of neurons 55079 7474 6586 10716 2263 8828 2260 8829 9693 1813 
Hipp_ExN_5_GO:0022008~neurogenesis 8013 7046 64399 91653 9742 30819 25987 374946 3084 351 57622 56896 5818 84687 27124 23043 85377 9856 79816 8408 3912 9355 158038 8941 5796 7852 2043 654429 57118 653464 4610 10300 219527 7224 64218 23542 3815 23380 6809 83933 2049 411 26012 4908 1630 26011 84623 655 2047 10752 8828 8829 10512 6925 124925 7474 163404 8326 4761 8324 59277 9890 266727 79143 22865 55079 4916 1400 57497 1002 85300 7504 50863 84570 5063 23768 7483 5064 23769 349667 6792 23529 8851 374462 55083 1141 440730 57540 23767 57662 4884 3675 54437 6547 57549 2903 56978 8609 1813 2902 221914 4781 126520 2119 288 10507 566 10509 4137 4139 6712 10100 1826 7804 57715 10501 10500 23108 7143 5087 5362 8997 6695 9723 57688 2009 1952 1951 10716 79633 140578 6446 5754 8507 10677 375567 4681 50937 9211 6586 100532736 9855 6860 8642 63973 57451 2263 23114 8482 27319 2260 9693 100132074 57611 57216 2018 84258 1840 57453 2258 2016 57731 340419 84892 90249 1608 84894 5800 10565 10446 50944 
Hipp_ExN_5_GO:0030182~neuron differentiation 8013 7046 91653 9742 30819 25987 374946 3084 351 57622 56896 5818 84687 27124 23043 85377 9856 79816 8408 3912 9355 158038 5796 2043 654429 57118 653464 4610 10300 219527 7224 64218 23542 23380 6809 2049 411 26012 4908 1630 26011 84623 655 2047 10752 8828 8829 10512 6925 124925 7474 163404 4761 8324 59277 9890 266727 22865 55079 4916 1400 57497 1002 85300 7504 50863 84570 5063 23768 7483 5064 23769 349667 6792 8851 374462 55083 1141 440730 57540 23767 57662 4884 3675 54437 57549 8609 1813 2902 221914 4781 126520 2119 288 10507 10509 4137 6712 10100 1826 7804 57715 10501 10500 23108 7143 5087 5362 8997 6695 9723 57688 1952 1951 10716 79633 140578 6446 5754 8507 10677 375567 4681 50937 9211 6586 100532736 9855 6860 63973 57451 2263 23114 8482 2260 9693 100132074 57611 57216 2018 84258 1840 57453 2258 2016 57731 340419 90249 1608 84894 5800 10565 10446 50944 
Hipp_ExN_5_GO:0030516~regulation of axon extension 7143 5362 6792 7474 7224 9723 8851 64218 8482 374946 3084 57611 4916 10507 1002 10509 4137 54437 1826 57715 8829 10501 10512 10500 
Hipp_ExN_5_GO:0031175~neuron projection development 8013 91653 25987 374946 3084 351 57622 56896 5818 84687 27124 23043 85377 9856 8408 3912 9355 158038 5796 2043 654429 57118 653464 10300 219527 7224 64218 23542 23380 6809 2049 411 26012 4908 1630 84623 655 2047 10752 8828 8829 10512 124925 7474 163404 59277 9890 22865 55079 4916 1400 57497 1002 85300 7504 84570 5063 23768 5064 23769 349667 6792 8851 55083 1141 440730 23767 57662 4884 3675 54437 57549 8609 1813 2902 4781 126520 288 10507 10509 4137 6712 10100 1826 7804 57715 10501 10500 23108 7143 5362 8997 6695 9723 57688 1952 1951 10716 6446 5754 8507 10677 4681 9211 6586 100532736 6860 57451 2263 23114 8482 2260 9693 100132074 57611 57216 84258 57453 2258 2016 57731 90249 84894 5800 10565 10446 50944 
Hipp_ExN_5_GO:0034762~regulation of transmembrane transport 1080 5581 7881 3781 30819 30818 23542 150 1183 1181 1612 56479 255057 84502 777 6546 6622 55800 4986 104909134 1813 4923 9312 8660 375346 1394 254263 80333 781 3748 287 288 57338 2259 785 55799 27133 8912 3785 10021 3763 113451 8911 40 3767 56704 3746 50944 
Hipp_ExN_5_GO:0042391~regulation of membrane potential 30819 1143 1141 2743 476 1137 54795 6546 239 6622 4887 55800 2903 4923 2902 2901 254263 79680 57030 287 3728 288 27133 10021 3767 6714 1080 7224 340273 3781 23542 57369 2767 134 81832 27345 777 6804 124925 8326 781 1525 2259 785 2258 8912 8911 40 50944 
Hipp_ExN_5_GO:0043269~regulation of ion transport 5581 7881 30819 30818 150 1183 79570 1181 1612 476 255057 117 6546 53822 6622 55800 4889 1813 4923 9312 8660 375346 1394 254263 287 288 27133 10021 3763 6833 2916 3767 56704 1080 3781 23542 56479 134 84502 777 6446 4986 104909134 781 3748 80333 57338 2259 785 55799 57731 8912 3785 8911 11255 40 3746 50944 
Hipp_ExN_5_GO:0048666~neuron development 8013 91653 9742 30819 25987 374946 3084 351 57622 56896 5818 84687 27124 23043 85377 9856 8408 3912 9355 158038 5796 2043 654429 57118 653464 10300 219527 7224 64218 23542 23380 6809 2049 411 26012 4908 1630 26011 84623 655 2047 10752 8828 8829 10512 124925 7474 163404 4761 59277 9890 22865 55079 4916 1400 57497 1002 85300 7504 50863 84570 5063 23768 5064 23769 349667 6792 8851 374462 55083 1141 440730 23767 57662 4884 3675 54437 57549 8609 1813 2902 4781 126520 288 10507 10509 4137 6712 10100 1826 7804 57715 10501 10500 23108 7143 5362 8997 6695 9723 57688 1952 1951 10716 79633 6446 5754 8507 10677 4681 9211 6586 100532736 9855 6860 57451 2263 23114 8482 2260 9693 100132074 57611 57216 84258 57453 2258 2016 57731 90249 1608 84894 5800 10565 10446 50944 
Hipp_ExN_5_GO:0048667~cell morphogenesis involved in neuron differentiation 5063 8013 23768 6792 91653 8851 374462 55083 1141 25987 374946 3084 23767 351 57622 56896 5818 4884 54437 8609 1813 8408 9355 158038 4781 2043 654429 288 10507 10509 4137 6712 1826 7804 57715 10501 10500 219527 7143 5362 7224 8997 9723 64218 23542 1952 1951 2049 10716 1630 655 2047 10752 8828 8829 10512 7474 9211 6586 2263 57451 59277 23114 8482 9890 9693 22865 57611 57216 55079 4916 57497 2258 57453 1400 1002 57731 90249 84894 5800 7504 10446 50944 84570 
Hipp_ExN_5_GO:0050803~regulation of synapse structure or activity 23768 7143 23769 8997 2890 1141 25769 23767 351 3815 134 6809 81832 5818 576 2049 26012 84502 2047 6622 6547 9758 57549 2903 4900 57408 1813 2902 8541 158038 7474 8326 4761 9693 654429 22865 2119 4916 57338 2259 388336 40 64084 
Hipp_ExN_5_GO:0050804~modulation of synaptic transmission 7143 5581 8997 1143 2890 1141 23542 25769 3815 134 6809 81832 84687 26012 27345 84502 1056 6622 5413 6547 4887 2903 4889 4900 1813 2902 4923 6804 2901 8541 9211 4761 5334 9693 57338 2259 388336 2916 7804 2914 50944 64084 2912 
Hipp_ExN_5_GO:0050808~synapse organization 5063 23768 7143 5064 23769 9723 56130 56131 1141 56132 3084 23767 351 26470 5818 2743 576 2049 84623 2047 1056 6622 9758 57408 1813 2902 124925 158038 7474 8326 4761 9379 23114 654429 22865 2119 56126 56127 288 4916 785 4774 6712 1826 40 50944 64084 
Hipp_ExN_5_GO:0061564~axon development 5063 8013 23768 349667 6792 91653 8851 55083 1141 25987 374946 3084 23767 351 57622 56896 5818 4884 54437 8609 1813 8408 9355 158038 4781 2043 654429 288 10507 10509 4137 6712 10100 1826 57715 10501 10500 219527 7143 5362 7224 9723 64218 1951 2049 10716 1630 655 2047 10752 8828 8829 10512 7474 9211 6586 2263 57451 59277 23114 8482 9890 22865 57611 57216 55079 4916 57497 2258 57453 1400 1002 57731 90249 84894 5800 7504 10446 84570 
Hipp_ExN_5_GO:0099536~synaptic signaling 8497 30819 56130 56131 56132 3360 57622 3358 5413 6622 8541 254263 1740 9229 23542 2570 57369 2569 3815 134 6809 2566 26012 27345 84502 777 5799 4986 4900 6804 124925 5173 4761 9379 5334 64106 785 57497 3785 40 5581 148281 1143 1141 273 2900 1138 1137 2743 2742 4884 4885 4887 6547 2904 4889 2903 1813 4923 2902 2901 57030 2119 320 388336 53358 2916 2914 84073 64084 2912 8618 7143 9568 8997 2892 2891 2890 25769 3061 56479 81832 11245 9211 6860 9293 9693 56126 56127 57338 2259 84258 6854 11255 5802 9607 50944 
